Date,Country,Confirmed,Recovered,Deceased,Total_Confirmed,Total_Recovered,Total_Deceased
2020-01-23,Canada,0,0,0,0,0,0
2020-01-24,Canada,0,0,0,0,0,0
2020-01-25,Canada,0,0,0,0,0,0
2020-01-26,Canada,1,0,0,1,0,0
2020-01-27,Canada,0,0,0,1,0,0
2020-01-28,Canada,1,0,0,2,0,0
2020-01-29,Canada,0,0,0,2,0,0
2020-01-30,Canada,0,0,0,2,0,0
2020-01-31,Canada,2,0,0,4,0,0
2020-02-01,Canada,0,0,0,4,0,0
2020-02-02,Canada,0,0,0,4,0,0
2020-02-03,Canada,0,0,0,4,0,0
2020-02-04,Canada,0,0,0,4,0,0
2020-02-05,Canada,1,0,0,5,0,0
2020-02-06,Canada,0,0,0,5,0,0
2020-02-07,Canada,2,0,0,7,0,0
2020-02-08,Canada,0,0,0,7,0,0
2020-02-09,Canada,0,0,0,7,0,0
2020-02-10,Canada,0,0,0,7,0,0
2020-02-11,Canada,0,0,0,7,0,0
2020-02-12,Canada,0,1,0,7,1,0
2020-02-13,Canada,0,0,0,7,1,0
2020-02-14,Canada,0,0,0,7,1,0
2020-02-15,Canada,0,0,0,7,1,0
2020-02-16,Canada,0,0,0,7,1,0
2020-02-17,Canada,1,0,0,8,1,0
2020-02-18,Canada,0,0,0,8,1,0
2020-02-19,Canada,0,0,0,8,1,0
2020-02-20,Canada,0,0,0,8,1,0
2020-02-21,Canada,1,2,0,9,3,0
2020-02-22,Canada,0,0,0,9,3,0
2020-02-23,Canada,0,0,0,9,3,0
2020-02-24,Canada,1,0,0,10,3,0
2020-02-25,Canada,1,0,0,11,3,0
2020-02-26,Canada,0,0,0,11,3,0
2020-02-27,Canada,2,3,0,13,6,0
2020-02-28,Canada,1,0,0,14,6,0
2020-02-29,Canada,6,0,0,20,6,0
2020-03-01,Canada,4,0,0,24,6,0
2020-03-02,Canada,3,0,0,27,6,0
2020-03-03,Canada,3,0,0,30,6,0
2020-03-04,Canada,3,0,0,33,6,0
2020-03-05,Canada,4,0,0,37,6,0
2020-03-06,Canada,12,0,0,49,6,0
2020-03-07,Canada,5,2,0,54,8,0
2020-03-08,Canada,10,0,0,64,8,0
2020-03-09,Canada,13,0,1,77,8,1
2020-03-10,Canada,2,0,0,79,8,1
2020-03-11,Canada,29,0,0,108,8,1
2020-03-12,Canada,9,0,0,117,8,1
2020-03-13,Canada,76,0,0,193,8,1
2020-03-14,Canada,5,0,0,198,8,1
2020-03-15,Canada,54,0,0,252,8,1
2020-03-16,Canada,163,1,3,415,9,4
2020-03-17,Canada,63,0,1,478,9,5
2020-03-18,Canada,179,0,3,657,9,8
2020-03-19,Canada,143,0,1,800,9,9
2020-03-20,Canada,143,0,3,943,9,12
2020-03-21,Canada,334,1,7,1277,10,19
2020-03-22,Canada,192,0,2,1469,10,21
2020-03-23,Canada,619,0,4,2088,10,25
2020-03-24,Canada,702,100,1,2790,110,26
2020-03-25,Canada,461,73,4,3251,183,30
2020-03-26,Canada,791,1,8,4042,184,38
2020-03-27,Canada,640,72,16,4682,256,54
2020-03-28,Canada,894,210,7,5576,466,61
2020-03-29,Canada,704,0,3,6280,466,64
2020-03-30,Canada,1118,0,16,7398,466,80
2020-03-31,Canada,1129,1126,21,8527,1592,101
2020-04-01,Canada,1033,-268,8,9560,1324,109
2020-04-02,Canada,1724,411,30,11284,1735,139
2020-04-03,Canada,1153,440,40,12437,2175,179
2020-04-04,Canada,541,402,39,12978,2577,218
2020-04-05,Canada,2778,435,41,15756,3012,259
2020-04-06,Canada,807,244,80,16563,3256,339
2020-04-07,Canada,1309,535,36,17872,3791,375
2020-04-08,Canada,1269,363,32,19141,4154,407
2020-04-09,Canada,1513,1008,96,20654,5162,503
2020-04-10,Canada,1405,693,54,22059,5855,557
2020-04-11,Canada,1257,734,97,23316,6589,654
2020-04-12,Canada,983,534,60,24299,7123,714
2020-04-13,Canada,1381,635,67,25680,7758,781
2020-04-14,Canada,1355,452,120,27035,8210,901
2020-04-15,Canada,1174,756,107,28209,8966,1008
2020-04-16,Canada,2600,732,251,30809,9698,1259
2020-04-17,Canada,2005,847,97,32814,10545,1356
2020-04-18,Canada,1542,419,45,34356,10964,1401
2020-04-19,Canada,1277,883,164,35633,11847,1565
2020-04-20,Canada,2025,696,162,37658,12543,1727
2020-04-21,Canada,1744,645,183,39402,13188,1910
2020-04-22,Canada,2261,1266,168,41663,14454,2078
2020-04-23,Canada,1636,307,163,43299,14761,2241
2020-04-24,Canada,1620,388,161,44919,15149,2402
2020-04-25,Canada,1452,864,169,46371,16013,2571
2020-04-26,Canada,1662,870,116,48033,16883,2687
2020-04-27,Canada,1583,1385,154,49616,18268,2841
2020-04-28,Canada,1534,963,142,51150,19231,2983
2020-04-29,Canada,1715,1096,172,52865,20327,3155
2020-04-30,Canada,1592,1097,155,54457,21424,3310
2020-05-01,Canada,1886,1340,227,56343,22764,3537
2020-05-02,Canada,1583,1050,147,57926,23814,3684
2020-05-03,Canada,2578,1107,111,60504,24921,3795
2020-05-04,Canada,1453,1109,208,61957,26030,4003
2020-05-05,Canada,1258,976,187,63215,27006,4190
2020-05-06,Canada,1479,1178,176,64694,28184,4366
2020-05-07,Canada,1507,1076,175,66201,29260,4541
2020-05-08,Canada,1473,979,156,67674,30239,4697
2020-05-09,Canada,1244,1023,126,68918,31262,4823
2020-05-10,Canada,1173,847,168,70091,32109,4991
2020-05-11,Canada,1173,898,124,71264,33007,5115
2020-05-12,Canada,1155,1048,185,72419,34055,5300
2020-05-13,Canada,1149,1122,125,73568,35177,5425
2020-05-14,Canada,1213,927,167,74781,36104,5592
2020-05-15,Canada,1178,804,87,75959,36908,5679
2020-05-16,Canada,1247,924,121,77206,37832,5800
2020-05-17,Canada,1126,731,103,78332,38563,5903
2020-05-18,Canada,1079,688,57,79411,39251,5960
2020-05-19,Canada,1082,818,68,80493,40069,6028
2020-05-20,Canada,1082,724,122,81575,40793,6150
2020-05-21,Canada,1167,938,117,82742,41731,6267
2020-05-22,Canada,1205,877,93,83947,42608,6360
2020-05-23,Canada,1204,710,106,85151,43318,6466
2020-05-24,Canada,955,680,68,86106,43998,6534
2020-05-25,Canada,1013,653,121,87119,44651,6655
2020-05-26,Canada,971,701,98,88090,45352,6753
2020-05-27,Canada,899,896,123,88989,46248,6876
2020-05-28,Canada,987,713,106,89976,46961,6982
2020-05-29,Canada,933,944,81,90909,47905,7063
2020-05-30,Canada,772,612,96,91681,48517,7159
2020-05-31,Canada,798,696,215,92479,49213,7374
2020-06-01,Canada,809,878,30,93288,50091,7404
2020-06-02,Canada,672,634,74,93960,50725,7478
2020-06-03,Canada,681,781,101,94641,51506,7579
2020-06-04,Canada,628,678,138,95269,52184,7717
2020-06-05,Canada,678,890,61,95947,53074,7778
2020-06-06,Canada,528,1013,72,96475,54087,7850
2020-06-07,Canada,703,588,27,97178,54675,7877
2020-06-08,Canada,601,668,33,97779,55343,7910
2020-06-09,Canada,462,774,60,98241,56117,7970
2020-06-10,Canada,479,1098,68,98720,57215,8038
2020-06-11,Canada,439,916,33,99159,58131,8071
2020-06-12,Canada,436,903,54,99595,59034,8125
2020-06-13,Canada,448,817,58,100043,59851,8183
2020-06-14,Canada,361,817,35,100404,60668,8218
2020-06-15,Canada,359,798,10,100763,61466,8228
2020-06-16,Canada,324,433,43,101087,61899,8271
2020-06-17,Canada,404,1381,41,101491,63280,8312
2020-06-18,Canada,386,502,49,101877,63782,8361
2020-06-19,Canada,437,536,47,102314,64318,8408
2020-06-20,Canada,448,508,58,102762,64826,8466
2020-06-21,Canada,316,423,16,103078,65249,8482
2020-06-22,Canada,340,472,12,103418,65721,8494
2020-06-23,Canada,349,414,18,103767,66135,8512
2020-06-24,Canada,320,398,32,104087,66533,8544
2020-06-25,Canada,376,336,23,104463,66869,8567
2020-06-26,Canada,166,313,4,104629,67182,8571
2020-06-27,Canada,249,263,5,104878,67445,8576
2020-06-28,Canada,315,244,6,105193,67689,8582
2020-06-29,Canada,637,1009,46,105830,68698,8628
2020-06-30,Canada,267,422,22,106097,69120,8650
2020-07-01,Canada,191,277,28,106288,69397,8678
2020-07-02,Canada,355,475,22,106643,69872,8700
2020-07-03,Canada,319,360,22,106962,70232,8722
2020-07-04,Canada,223,275,10,107185,70507,8732
2020-07-05,Canada,209,265,7,107394,70772,8739
2020-07-06,Canada,421,369,9,107815,71141,8748
2020-07-07,Canada,208,277,17,108023,71418,8765
2020-07-08,Canada,311,387,21,108334,71805,8786
2020-07-09,Canada,322,290,11,108656,72095,8797
2020-07-10,Canada,328,371,14,108984,72466,8811
2020-07-11,Canada,166,318,7,109150,72784,8818
2020-07-12,Canada,198,170,11,109348,72954,8829
2020-07-13,Canada,636,427,7,109984,73381,8836
2020-07-14,Canada,366,332,9,110350,73713,8845
2020-07-15,Canada,343,354,12,110693,74067,8857
2020-07-16,Canada,451,366,18,111144,74433,8875
2020-07-17,Canada,415,23848,9,111559,98281,8884
2020-07-18,Canada,316,155,8,111875,98436,8892
2020-07-19,Canada,293,128,4,112168,98564,8896
2020-07-20,Canada,770,411,6,112938,98975,8902
2020-07-21,Canada,535,273,6,113473,99248,8908
2020-07-22,Canada,317,253,5,113790,99501,8913
2020-07-23,Canada,608,436,6,114398,99937,8919
2020-07-24,Canada,717,567,4,115115,100504,8923
2020-07-25,Canada,355,261,6,115470,100765,8929
2020-07-26,Canada,319,204,5,115789,100969,8934
2020-07-27,Canada,682,478,11,116471,101447,8945
2020-07-28,Canada,400,239,12,116871,101686,8957
2020-07-29,Canada,486,306,5,117357,101992,8962
2020-07-30,Canada,320,352,12,117677,102344,8974
2020-07-31,Canada,604,562,6,118281,102906,8980
2020-08-01,Canada,242,166,6,118523,103072,8986
2020-08-02,Canada,245,129,4,118768,103201,8990
2020-08-03,Canada,205,83,5,118973,103284,8995
2020-08-04,Canada,686,774,10,119659,104058,9005
2020-08-05,Canada,374,319,5,120033,104377,9010
2020-08-06,Canada,354,301,3,120387,104678,9013
2020-08-07,Canada,516,450,4,120903,105128,9017
2020-08-08,Canada,245,127,7,121148,105255,9024
2020-08-09,Canada,219,165,4,121367,105420,9028
2020-08-10,Canada,686,2630,6,122053,108050,9034
2020-08-11,Canada,336,415,4,122389,108465,9038
2020-08-12,Canada,314,364,14,122703,108829,9052
2020-08-13,Canada,477,431,11,123180,109260,9063
2020-08-14,Canada,425,397,5,123605,109657,9068
2020-08-15,Canada,220,276,4,123825,109933,9072
2020-08-16,Canada,179,269,2,124004,110202,9074
2020-08-17,Canada,214,231,1,124218,110433,9075
2020-08-18,Canada,866,659,15,125084,111092,9090
2020-08-19,Canada,324,467,5,125408,111559,9095
2020-08-20,Canada,217,252,2,125625,111811,9097
2020-08-21,Canada,694,570,13,126319,112381,9110
2020-08-22,Canada,241,240,7,126560,112621,9117
2020-08-23,Canada,257,215,2,126817,112836,9119
2020-08-24,Canada,777,613,10,127594,113449,9129
2020-08-25,Canada,309,360,7,127903,113809,9136
2020-08-26,Canada,477,411,5,128380,114220,9141
2020-08-27,Canada,456,390,7,128836,114610,9148
2020-08-28,Canada,506,419,7,129342,115029,9155
2020-08-29,Canada,297,265,6,129639,115294,9161
2020-08-30,Canada,249,166,3,129888,115460,9164
2020-08-31,Canada,1030,560,9,130918,116020,9173
2020-09-01,Canada,504,412,6,131422,116432,9179
2020-09-02,Canada,519,434,3,131941,116866,9182
2020-09-03,Canada,586,411,7,132527,117277,9189
2020-09-04,Canada,614,478,1,133141,117755,9190
2020-09-05,Canada,370,213,2,133511,117968,9192
2020-09-06,Canada,379,224,2,133890,118192,9194
2020-09-07,Canada,405,194,2,134295,118386,9196
2020-09-08,Canada,1462,1034,7,135757,119420,9203
2020-09-09,Canada,378,369,1,136135,119789,9204
2020-09-10,Canada,821,1059,9,136956,120848,9213
2020-09-11,Canada,720,689,1,137676,121537,9214
2020-09-12,Canada,488,407,6,138164,121944,9220
2020-09-13,Canada,476,322,0,138640,122266,9220
2020-09-14,Canada,1458,854,9,140098,123120,9229
2020-09-15,Canada,802,657,10,140900,123777,9239
2020-09-16,Canada,952,635,5,141852,124412,9244
2020-09-17,Canada,1027,572,5,142879,124984,9249
2020-09-18,Canada,1174,670,7,144053,125654,9256
2020-09-19,Canada,554,330,6,144607,125984,9262
2020-09-20,Canada,1143,608,5,145750,126592,9267
2020-09-21,Canada,1833,1092,12,147583,127684,9279
2020-09-22,Canada,1272,1206,7,148855,128890,9286
2020-09-23,Canada,1084,960,8,149939,129850,9294
2020-09-24,Canada,1148,726,3,151087,130576,9297
2020-09-25,Canada,1630,1133,9,152717,131709,9306
2020-09-26,Canada,1053,544,7,153770,132253,9313
2020-09-27,Canada,1658,951,5,155428,133204,9318
2020-09-28,Canada,1791,1347,10,157219,134551,9328
2020-09-29,Canada,1772,1214,12,158991,135765,9340
2020-09-30,Canada,2116,1416,6,161107,137181,9346
2020-10-01,Canada,1823,1367,22,162930,138548,9368
2020-10-02,Canada,2124,1269,98,165054,139817,9466
2020-10-03,Canada,1306,894,22,166360,140711,9488
2020-10-04,Canada,2141,1791,45,168501,142502,9533
2020-10-05,Canada,2883,2151,27,171384,144653,9560
2020-10-06,Canada,2372,1776,22,173756,146429,9582
2020-10-07,Canada,1624,1385,11,175380,147814,9593
2020-10-08,Canada,2350,1878,16,177730,149692,9609
2020-10-09,Canada,2895,2354,29,180625,152046,9638
2020-10-10,Canada,2142,1811,23,182767,153857,9661
2020-10-11,Canada,1636,2044,5,184403,155901,9666
2020-10-12,Canada,975,1039,14,185378,156940,9680
2020-10-13,Canada,4111,3283,27,189489,160223,9707
2020-10-14,Canada,2575,1841,12,192064,162064,9719
2020-10-15,Canada,2298,2090,37,194362,164154,9756
2020-10-16,Canada,2566,2159,25,196928,166313,9781
2020-10-17,Canada,139,131,1,197067,166444,9782
2020-10-18,Canada,3737,3307,34,200804,169751,9816
2020-10-19,Canada,3307,2655,16,204111,172406,9832
2020-10-20,Canada,2238,2108,17,206349,174514,9849
2020-10-21,Canada,2687,-3109,34,209036,171405,9883
2020-10-22,Canada,2581,1894,33,211617,173299,9916
2020-10-23,Canada,2902,7327,24,214519,180626,9940
2020-10-24,Canada,1532,1348,29,216051,181974,9969
2020-10-25,Canada,2823,2220,26,218874,184194,9995
2020-10-26,Canada,4099,2906,31,222973,187100,10026
2020-10-27,Canada,2730,2250,26,225703,189350,10052
2020-10-28,Canada,2663,2373,32,228366,191723,10084
2020-10-29,Canada,3017,2382,43,231383,194105,10127
