Date,Country,Confirmed,Recovered,Deceased,Total_Confirmed,Total_Recovered,Total_Deceased
2020-01-23,Bangladesh,0,0,0,0,0,0
2020-01-24,Bangladesh,0,0,0,0,0,0
2020-01-25,Bangladesh,0,0,0,0,0,0
2020-01-26,Bangladesh,0,0,0,0,0,0
2020-01-27,Bangladesh,0,0,0,0,0,0
2020-01-28,Bangladesh,0,0,0,0,0,0
2020-01-29,Bangladesh,0,0,0,0,0,0
2020-01-30,Bangladesh,0,0,0,0,0,0
2020-01-31,Bangladesh,0,0,0,0,0,0
2020-02-01,Bangladesh,0,0,0,0,0,0
2020-02-02,Bangladesh,0,0,0,0,0,0
2020-02-03,Bangladesh,0,0,0,0,0,0
2020-02-04,Bangladesh,0,0,0,0,0,0
2020-02-05,Bangladesh,0,0,0,0,0,0
2020-02-06,Bangladesh,0,0,0,0,0,0
2020-02-07,Bangladesh,0,0,0,0,0,0
2020-02-08,Bangladesh,0,0,0,0,0,0
2020-02-09,Bangladesh,0,0,0,0,0,0
2020-02-10,Bangladesh,0,0,0,0,0,0
2020-02-11,Bangladesh,0,0,0,0,0,0
2020-02-12,Bangladesh,0,0,0,0,0,0
2020-02-13,Bangladesh,0,0,0,0,0,0
2020-02-14,Bangladesh,0,0,0,0,0,0
2020-02-15,Bangladesh,0,0,0,0,0,0
2020-02-16,Bangladesh,0,0,0,0,0,0
2020-02-17,Bangladesh,0,0,0,0,0,0
2020-02-18,Bangladesh,0,0,0,0,0,0
2020-02-19,Bangladesh,0,0,0,0,0,0
2020-02-20,Bangladesh,0,0,0,0,0,0
2020-02-21,Bangladesh,0,0,0,0,0,0
2020-02-22,Bangladesh,0,0,0,0,0,0
2020-02-23,Bangladesh,0,0,0,0,0,0
2020-02-24,Bangladesh,0,0,0,0,0,0
2020-02-25,Bangladesh,0,0,0,0,0,0
2020-02-26,Bangladesh,0,0,0,0,0,0
2020-02-27,Bangladesh,0,0,0,0,0,0
2020-02-28,Bangladesh,0,0,0,0,0,0
2020-02-29,Bangladesh,0,0,0,0,0,0
2020-03-01,Bangladesh,0,0,0,0,0,0
2020-03-02,Bangladesh,0,0,0,0,0,0
2020-03-03,Bangladesh,0,0,0,0,0,0
2020-03-04,Bangladesh,0,0,0,0,0,0
2020-03-05,Bangladesh,0,0,0,0,0,0
2020-03-06,Bangladesh,0,0,0,0,0,0
2020-03-07,Bangladesh,0,0,0,0,0,0
2020-03-08,Bangladesh,3,0,0,3,0,0
2020-03-09,Bangladesh,0,0,0,3,0,0
2020-03-10,Bangladesh,0,0,0,3,0,0
2020-03-11,Bangladesh,0,0,0,3,0,0
2020-03-12,Bangladesh,0,0,0,3,0,0
2020-03-13,Bangladesh,0,0,0,3,0,0
2020-03-14,Bangladesh,0,0,0,3,0,0
2020-03-15,Bangladesh,2,0,0,5,0,0
2020-03-16,Bangladesh,3,2,0,8,2,0
2020-03-17,Bangladesh,2,1,0,10,3,0
2020-03-18,Bangladesh,4,0,1,14,3,1
2020-03-19,Bangladesh,3,0,0,17,3,1
2020-03-20,Bangladesh,3,0,0,20,3,1
2020-03-21,Bangladesh,5,0,1,25,3,2
2020-03-22,Bangladesh,2,0,0,27,3,2
2020-03-23,Bangladesh,6,0,1,33,3,3
2020-03-24,Bangladesh,6,2,1,39,5,4
2020-03-25,Bangladesh,0,2,1,39,7,5
2020-03-26,Bangladesh,5,4,0,44,11,5
2020-03-27,Bangladesh,4,0,0,48,11,5
2020-03-28,Bangladesh,0,4,0,48,15,5
2020-03-29,Bangladesh,0,0,0,48,15,5
2020-03-30,Bangladesh,1,4,0,49,19,5
2020-03-31,Bangladesh,2,6,0,51,25,5
2020-04-01,Bangladesh,3,0,1,54,25,6
2020-04-02,Bangladesh,2,0,0,56,25,6
2020-04-03,Bangladesh,5,1,0,61,26,6
2020-04-04,Bangladesh,9,4,2,70,30,8
2020-04-05,Bangladesh,18,3,1,88,33,9
2020-04-06,Bangladesh,35,0,3,123,33,12
2020-04-07,Bangladesh,41,0,5,164,33,17
2020-04-08,Bangladesh,54,0,3,218,33,20
2020-04-09,Bangladesh,112,0,1,330,33,21
2020-04-10,Bangladesh,94,0,6,424,33,27
2020-04-11,Bangladesh,58,3,3,482,36,30
2020-04-12,Bangladesh,139,3,4,621,39,34
2020-04-13,Bangladesh,182,3,5,803,42,39
2020-04-14,Bangladesh,209,0,7,1012,42,46
2020-04-15,Bangladesh,219,7,4,1231,49,50
2020-04-16,Bangladesh,341,0,10,1572,49,60
2020-04-17,Bangladesh,266,9,15,1838,58,75
2020-04-18,Bangladesh,306,8,9,2144,66,84
2020-04-19,Bangladesh,312,9,7,2456,75,91
2020-04-20,Bangladesh,492,10,10,2948,85,101
2020-04-21,Bangladesh,434,2,9,3382,87,110
2020-04-22,Bangladesh,390,5,10,3772,92,120
2020-04-23,Bangladesh,414,16,7,4186,108,127
2020-04-24,Bangladesh,503,4,4,4689,112,131
2020-04-25,Bangladesh,309,1,9,4998,113,140
2020-04-26,Bangladesh,418,9,5,5416,122,145
2020-04-27,Bangladesh,497,9,7,5913,131,152
2020-04-28,Bangladesh,549,8,3,6462,139,155
2020-04-29,Bangladesh,641,11,8,7103,150,163
2020-04-30,Bangladesh,564,10,5,7667,160,168
2020-05-01,Bangladesh,571,14,2,8238,174,170
2020-05-02,Bangladesh,552,3,5,8790,177,175
2020-05-03,Bangladesh,665,886,2,9455,1063,177
2020-05-04,Bangladesh,688,146,5,10143,1209,182
2020-05-05,Bangladesh,786,194,1,10929,1403,183
2020-05-06,Bangladesh,790,0,3,11719,1403,186
2020-05-07,Bangladesh,706,507,13,12425,1910,199
2020-05-08,Bangladesh,709,191,7,13134,2101,206
2020-05-09,Bangladesh,636,313,8,13770,2414,214
2020-05-10,Bangladesh,887,236,14,14657,2650,228
2020-05-11,Bangladesh,1034,252,11,15691,2902,239
2020-05-12,Bangladesh,969,245,11,16660,3147,250
2020-05-13,Bangladesh,1162,214,19,17822,3361,269
2020-05-14,Bangladesh,1041,0,14,18863,3361,283
2020-05-15,Bangladesh,1202,521,15,20065,3882,298
2020-05-16,Bangladesh,930,235,16,20995,4117,314
2020-05-17,Bangladesh,1273,256,14,22268,4373,328
2020-05-18,Bangladesh,1602,212,21,23870,4585,349
2020-05-19,Bangladesh,1251,408,21,25121,4993,370
2020-05-20,Bangladesh,1617,214,16,26738,5207,386
2020-05-21,Bangladesh,1773,395,22,28511,5602,408
2020-05-22,Bangladesh,1694,588,24,30205,6190,432
2020-05-23,Bangladesh,1873,296,20,32078,6486,452
2020-05-24,Bangladesh,1532,415,28,33610,6901,480
2020-05-25,Bangladesh,1975,433,21,35585,7334,501
2020-05-26,Bangladesh,1166,245,21,36751,7579,522
2020-05-27,Bangladesh,1541,346,22,38292,7925,544
2020-05-28,Bangladesh,2029,500,15,40321,8425,559
2020-05-29,Bangladesh,2523,590,23,42844,9015,582
2020-05-30,Bangladesh,1764,360,28,44608,9375,610
2020-05-31,Bangladesh,2545,406,40,47153,9781,650
2020-06-01,Bangladesh,2381,816,22,49534,10597,672
2020-06-02,Bangladesh,2911,523,37,52445,11120,709
2020-06-03,Bangladesh,2695,470,37,55140,11590,746
2020-06-04,Bangladesh,2423,571,35,57563,12161,781
2020-06-05,Bangladesh,2828,643,30,60391,12804,811
2020-06-06,Bangladesh,2635,521,35,63026,13325,846
2020-06-07,Bangladesh,2743,578,42,65769,13903,888
2020-06-08,Bangladesh,2735,657,42,68504,14560,930
2020-06-09,Bangladesh,3171,777,45,71675,15337,975
2020-06-10,Bangladesh,3190,563,37,74865,15900,1012
2020-06-11,Bangladesh,3187,847,37,78052,16747,1049
2020-06-12,Bangladesh,3471,502,46,81523,17249,1095
2020-06-13,Bangladesh,2856,579,44,84379,17828,1139
2020-06-14,Bangladesh,3141,902,32,87520,18730,1171
2020-06-15,Bangladesh,3099,1,38,90619,18731,1209
2020-06-16,Bangladesh,3862,17533,53,94481,36264,1262
2020-06-17,Bangladesh,4008,1925,43,98489,38189,1305
2020-06-18,Bangladesh,3803,1975,38,102292,40164,1343
2020-06-19,Bangladesh,3243,2781,45,105535,42945,1388
2020-06-20,Bangladesh,3240,1048,37,108775,43993,1425
2020-06-21,Bangladesh,3531,1084,39,112306,45077,1464
2020-06-22,Bangladesh,3480,1678,38,115786,46755,1502
2020-06-23,Bangladesh,3412,880,43,119198,47635,1545
2020-06-24,Bangladesh,3462,2031,37,122660,49666,1582
2020-06-25,Bangladesh,3946,1829,39,126606,51495,1621
2020-06-26,Bangladesh,3868,1638,40,130474,53133,1661
2020-06-27,Bangladesh,3504,1185,34,133978,54318,1695
2020-06-28,Bangladesh,3809,1409,43,137787,55727,1738
2020-06-29,Bangladesh,4014,2053,45,141801,57780,1783
2020-06-30,Bangladesh,3682,1844,64,145483,59624,1847
2020-07-01,Bangladesh,3775,2484,41,149258,62108,1888
2020-07-02,Bangladesh,4019,4334,38,153277,66442,1926
2020-07-03,Bangladesh,3114,1606,42,156391,68048,1968
2020-07-04,Bangladesh,3288,2673,29,159679,70721,1997
2020-07-05,Bangladesh,2738,1904,55,162417,72625,2052
2020-07-06,Bangladesh,3201,3524,44,165618,76149,2096
2020-07-07,Bangladesh,3027,1953,55,168645,78102,2151
2020-07-08,Bangladesh,3489,2736,46,172134,80838,2197
2020-07-09,Bangladesh,3360,3706,41,175494,84544,2238
2020-07-10,Bangladesh,2949,1862,37,178443,86406,2275
2020-07-11,Bangladesh,2686,1628,30,181129,88034,2305
2020-07-12,Bangladesh,2666,5580,47,183795,93614,2352
2020-07-13,Bangladesh,3099,4703,39,186894,98317,2391
2020-07-14,Bangladesh,3163,4910,33,190057,103227,2424
2020-07-15,Bangladesh,3533,2296,33,193590,105523,2457
2020-07-16,Bangladesh,2733,1440,39,196323,106963,2496
2020-07-17,Bangladesh,3034,1762,51,199357,108725,2547
2020-07-18,Bangladesh,2709,1373,34,202066,110098,2581
2020-07-19,Bangladesh,2459,1544,37,204525,111642,2618
2020-07-20,Bangladesh,2928,1914,50,207453,113556,2668
2020-07-21,Bangladesh,3057,1841,41,210510,115397,2709
2020-07-22,Bangladesh,2744,1805,42,213254,117202,2751
2020-07-23,Bangladesh,2856,2006,50,216110,119208,2801
2020-07-24,Bangladesh,2548,1768,35,218658,120976,2836
2020-07-25,Bangladesh,2520,1114,38,221178,122090,2874
2020-07-26,Bangladesh,2275,1792,54,223453,123882,2928
2020-07-27,Bangladesh,2772,1801,37,226225,125683,2965
2020-07-28,Bangladesh,2960,1731,35,229185,127414,3000
2020-07-29,Bangladesh,3009,2878,35,232194,130292,3035
2020-07-30,Bangladesh,2695,2668,48,234889,132960,3083
2020-07-31,Bangladesh,2772,2176,28,237661,135136,3111
2020-08-01,Bangladesh,2199,1117,21,239860,136253,3132
2020-08-02,Bangladesh,886,586,22,240746,136839,3154
2020-08-03,Bangladesh,1356,1066,30,242102,137905,3184
2020-08-04,Bangladesh,1918,1955,50,244020,139860,3234
2020-08-05,Bangladesh,2654,1890,33,246674,141750,3267
2020-08-06,Bangladesh,2977,2074,39,249651,143824,3306
2020-08-07,Bangladesh,2851,1760,27,252502,145584,3333
2020-08-08,Bangladesh,2611,1020,32,255113,146604,3365
2020-08-09,Bangladesh,2487,1766,34,257600,148370,3399
2020-08-10,Bangladesh,2907,2067,39,260507,150437,3438
2020-08-11,Bangladesh,2996,1535,33,263503,151972,3471
2020-08-12,Bangladesh,2995,1117,42,266498,153089,3513
2020-08-13,Bangladesh,2617,1782,44,269115,154871,3557
2020-08-14,Bangladesh,2766,1752,34,271881,156623,3591
2020-08-15,Bangladesh,2644,1012,34,274525,157635,3625
2020-08-16,Bangladesh,2024,1315,32,276549,158950,3657
2020-08-17,Bangladesh,2595,1641,37,279144,160591,3694
2020-08-18,Bangladesh,3200,2234,46,282344,162825,3740
2020-08-19,Bangladesh,2747,2913,41,285091,165738,3781
2020-08-20,Bangladesh,2868,3253,41,287959,168991,3822
2020-08-21,Bangladesh,2401,3624,39,290360,172615,3861
2020-08-22,Bangladesh,2265,2952,46,292625,175567,3907
2020-08-23,Bangladesh,1973,3524,34,294598,179091,3941
2020-08-24,Bangladesh,2485,3784,42,297083,182875,3983
2020-08-25,Bangladesh,2545,3881,45,299628,186756,4028
2020-08-26,Bangladesh,2519,3427,54,302147,190183,4082
2020-08-27,Bangladesh,2436,3275,45,304583,193458,4127
2020-08-28,Bangladesh,2211,3378,47,306794,196836,4174
2020-08-29,Bangladesh,2131,2027,32,308925,198863,4206
2020-08-30,Bangladesh,1897,3044,42,310822,201907,4248
2020-08-31,Bangladesh,2174,2980,33,312996,204887,4281
2020-09-01,Bangladesh,1950,3290,35,314946,208177,4316
2020-09-02,Bangladesh,2582,2839,35,317528,211016,4351
2020-09-03,Bangladesh,2158,2964,32,319686,213980,4383
2020-09-04,Bangladesh,1929,2211,29,321615,216191,4412
2020-09-05,Bangladesh,1950,1661,35,323565,217852,4447
2020-09-06,Bangladesh,1592,3423,32,325157,221275,4479
2020-09-07,Bangladesh,2202,3298,37,327359,224573,4516
2020-09-08,Bangladesh,1892,3236,36,329251,227809,4552
2020-09-09,Bangladesh,1827,2995,41,331078,230804,4593
2020-09-10,Bangladesh,1892,2746,41,332970,233550,4634
2020-09-11,Bangladesh,1792,2474,34,334762,236024,4668
2020-09-12,Bangladesh,1282,2247,34,336044,238271,4702
2020-09-13,Bangladesh,1476,2372,31,337520,240643,4733
2020-09-14,Bangladesh,1812,2512,26,339332,243155,4759
2020-09-15,Bangladesh,1724,2439,43,341056,245594,4802
2020-09-16,Bangladesh,1615,2375,21,342671,247969,4823
2020-09-17,Bangladesh,1593,2443,36,344264,250412,4859
2020-09-18,Bangladesh,1541,1923,22,345805,252335,4881
2020-09-19,Bangladesh,1567,2051,32,347372,254386,4913
2020-09-20,Bangladesh,1546,2179,26,348918,256565,4939
2020-09-21,Bangladesh,1703,2152,40,350621,258717,4979
2020-09-22,Bangladesh,1557,2073,28,352178,260790,5007
2020-09-23,Bangladesh,1666,2163,37,353844,262953,5044
2020-09-24,Bangladesh,1540,2139,28,355384,265092,5072
2020-09-25,Bangladesh,1383,1932,21,356767,267024,5093
2020-09-26,Bangladesh,1106,1753,36,357873,268777,5129
2020-09-27,Bangladesh,1275,1714,32,359148,270491,5161
2020-09-28,Bangladesh,1407,1582,32,360555,272073,5193
2020-09-29,Bangladesh,1488,1625,26,362043,273698,5219
2020-09-30,Bangladesh,1436,1789,32,363479,275487,5251
2020-10-01,Bangladesh,1508,1591,21,364987,277078,5272
2020-10-02,Bangladesh,1396,1549,33,366383,278627,5305
2020-10-03,Bangladesh,1182,1442,20,367565,280069,5325
2020-10-04,Bangladesh,1125,1587,23,368690,281656,5348
2020-10-05,Bangladesh,1442,1526,27,370132,283182,5375
2020-10-06,Bangladesh,1499,1651,30,371631,284833,5405
2020-10-07,Bangladesh,1520,1798,35,373151,286631,5440
2020-10-08,Bangladesh,1441,1685,20,374592,288316,5460
2020-10-09,Bangladesh,1278,1596,17,375870,289912,5477
2020-10-10,Bangladesh,1203,1453,23,377073,291365,5500
2020-10-11,Bangladesh,1193,1495,24,378266,292860,5524
2020-10-12,Bangladesh,1472,1531,31,379738,294391,5555
2020-10-13,Bangladesh,1537,1482,22,381275,295873,5577
2020-10-14,Bangladesh,1684,1576,16,382959,297449,5593
2020-10-15,Bangladesh,1600,1780,15,384559,299229,5608
2020-10-16,Bangladesh,1527,1509,15,386086,300738,5623
2020-10-17,Bangladesh,1209,1560,23,387295,302298,5646
2020-10-18,Bangladesh,1274,1674,14,388569,303972,5660
2020-10-19,Bangladesh,1637,1627,21,390206,305599,5681
2020-10-20,Bangladesh,1380,1542,18,391586,307141,5699
2020-10-21,Bangladesh,1545,1704,24,393131,308845,5723
2020-10-22,Bangladesh,1696,1687,24,394827,310532,5747
2020-10-23,Bangladesh,1586,1533,14,396413,312065,5761
2020-10-24,Bangladesh,1094,1498,19,397507,313563,5780
2020-10-25,Bangladesh,1308,1544,23,398815,315107,5803
2020-10-26,Bangladesh,1436,1493,15,400251,316600,5818
2020-10-27,Bangladesh,1335,1523,20,401586,318123,5838
2020-10-28,Bangladesh,1493,1610,23,403079,319733,5861
2020-10-29,Bangladesh,1681,1548,25,404760,321281,5886
