Date,Country,Confirmed,Recovered,Deceased,Total_Confirmed,Total_Recovered,Total_Deceased
2020-01-23,Mexico,0,0,0,0,0,0
2020-01-24,Mexico,0,0,0,0,0,0
2020-01-25,Mexico,0,0,0,0,0,0
2020-01-26,Mexico,0,0,0,0,0,0
2020-01-27,Mexico,0,0,0,0,0,0
2020-01-28,Mexico,0,0,0,0,0,0
2020-01-29,Mexico,0,0,0,0,0,0
2020-01-30,Mexico,0,0,0,0,0,0
2020-01-31,Mexico,0,0,0,0,0,0
2020-02-01,Mexico,0,0,0,0,0,0
2020-02-02,Mexico,0,0,0,0,0,0
2020-02-03,Mexico,0,0,0,0,0,0
2020-02-04,Mexico,0,0,0,0,0,0
2020-02-05,Mexico,0,0,0,0,0,0
2020-02-06,Mexico,0,0,0,0,0,0
2020-02-07,Mexico,0,0,0,0,0,0
2020-02-08,Mexico,0,0,0,0,0,0
2020-02-09,Mexico,0,0,0,0,0,0
2020-02-10,Mexico,0,0,0,0,0,0
2020-02-11,Mexico,0,0,0,0,0,0
2020-02-12,Mexico,0,0,0,0,0,0
2020-02-13,Mexico,0,0,0,0,0,0
2020-02-14,Mexico,0,0,0,0,0,0
2020-02-15,Mexico,0,0,0,0,0,0
2020-02-16,Mexico,0,0,0,0,0,0
2020-02-17,Mexico,0,0,0,0,0,0
2020-02-18,Mexico,0,0,0,0,0,0
2020-02-19,Mexico,0,0,0,0,0,0
2020-02-20,Mexico,0,0,0,0,0,0
2020-02-21,Mexico,0,0,0,0,0,0
2020-02-22,Mexico,0,0,0,0,0,0
2020-02-23,Mexico,0,0,0,0,0,0
2020-02-24,Mexico,0,0,0,0,0,0
2020-02-25,Mexico,0,0,0,0,0,0
2020-02-26,Mexico,0,0,0,0,0,0
2020-02-27,Mexico,0,0,0,0,0,0
2020-02-28,Mexico,1,0,0,1,0,0
2020-02-29,Mexico,3,0,0,4,0,0
2020-03-01,Mexico,1,0,0,5,0,0
2020-03-02,Mexico,0,0,0,5,0,0
2020-03-03,Mexico,0,1,0,5,1,0
2020-03-04,Mexico,0,0,0,5,1,0
2020-03-05,Mexico,0,0,0,5,1,0
2020-03-06,Mexico,1,0,0,6,1,0
2020-03-07,Mexico,0,0,0,6,1,0
2020-03-08,Mexico,1,0,0,7,1,0
2020-03-09,Mexico,0,0,0,7,1,0
2020-03-10,Mexico,0,3,0,7,4,0
2020-03-11,Mexico,1,0,0,8,4,0
2020-03-12,Mexico,4,0,0,12,4,0
2020-03-13,Mexico,14,0,0,26,4,0
2020-03-14,Mexico,15,0,0,41,4,0
2020-03-15,Mexico,12,0,0,53,4,0
2020-03-16,Mexico,29,0,0,82,4,0
2020-03-17,Mexico,11,0,0,93,4,0
2020-03-18,Mexico,25,0,0,118,4,0
2020-03-19,Mexico,46,0,1,164,4,1
2020-03-20,Mexico,39,0,1,203,4,2
2020-03-21,Mexico,48,0,0,251,4,2
2020-03-22,Mexico,65,0,1,316,4,3
2020-03-23,Mexico,51,0,1,367,4,4
2020-03-24,Mexico,38,0,1,405,4,5
2020-03-25,Mexico,70,0,1,475,4,6
2020-03-26,Mexico,110,0,2,585,4,8
2020-03-27,Mexico,132,0,4,717,4,12
2020-03-28,Mexico,131,0,4,848,4,16
2020-03-29,Mexico,145,0,4,993,4,20
2020-03-30,Mexico,101,31,8,1094,35,28
2020-03-31,Mexico,121,0,1,1215,35,29
2020-04-01,Mexico,163,0,8,1378,35,37
2020-04-02,Mexico,132,0,13,1510,35,50
2020-04-03,Mexico,178,598,10,1688,633,60
2020-04-04,Mexico,202,0,19,1890,633,79
2020-04-05,Mexico,253,0,15,2143,633,94
2020-04-06,Mexico,296,0,31,2439,633,125
2020-04-07,Mexico,346,0,16,2785,633,141
2020-04-08,Mexico,396,0,33,3181,633,174
2020-04-09,Mexico,260,0,20,3441,633,194
2020-04-10,Mexico,403,0,39,3844,633,233
2020-04-11,Mexico,375,0,40,4219,633,273
2020-04-12,Mexico,442,1139,23,4661,1772,296
2020-04-13,Mexico,353,71,36,5014,1843,332
2020-04-14,Mexico,385,121,74,5399,1964,406
2020-04-15,Mexico,448,161,43,5847,2125,449
2020-04-16,Mexico,450,0,37,6297,2125,486
2020-04-17,Mexico,578,0,60,6875,2125,546
2020-04-18,Mexico,622,0,104,7497,2125,650
2020-04-19,Mexico,764,502,36,8261,2627,686
2020-04-20,Mexico,511,0,26,8772,2627,712
2020-04-21,Mexico,729,0,145,9501,2627,857
2020-04-22,Mexico,1043,0,113,10544,2627,970
2020-04-23,Mexico,1089,0,99,11633,2627,1069
2020-04-24,Mexico,1239,0,152,12872,2627,1221
2020-04-25,Mexico,970,4522,84,13842,7149,1305
2020-04-26,Mexico,835,1205,46,14677,8354,1351
2020-04-27,Mexico,852,732,83,15529,9086,1434
2020-04-28,Mexico,1223,2337,135,16752,11423,1569
2020-04-29,Mexico,1047,0,163,17799,11423,1732
2020-04-30,Mexico,1425,0,127,19224,11423,1859
2020-05-01,Mexico,1515,954,113,20739,12377,1972
2020-05-02,Mexico,1349,0,89,22088,12377,2061
2020-05-03,Mexico,1383,1070,93,23471,13447,2154
2020-05-04,Mexico,1434,0,117,24905,13447,2271
2020-05-05,Mexico,1120,3363,236,26025,16810,2507
2020-05-06,Mexico,1609,971,197,27634,17781,2704
2020-05-07,Mexico,1982,0,257,29616,17781,2961
2020-05-08,Mexico,1906,2533,199,31522,20314,3160
2020-05-09,Mexico,1938,1510,193,33460,21824,3353
2020-05-10,Mexico,1562,0,112,35022,21824,3465
2020-05-11,Mexico,1305,1276,108,36327,23100,3573
2020-05-12,Mexico,1997,2835,353,38324,25935,3926
2020-05-13,Mexico,1862,1055,294,40186,26990,4220
2020-05-14,Mexico,2409,1485,257,42595,28475,4477
2020-05-15,Mexico,2437,1976,290,45032,30451,4767
2020-05-16,Mexico,2112,1397,278,47144,31848,5045
2020-05-17,Mexico,2075,1481,132,49219,33329,5177
2020-05-18,Mexico,2414,2059,155,51633,35388,5332
2020-05-19,Mexico,2713,1937,334,54346,37325,5666
2020-05-20,Mexico,2248,1094,424,56594,38419,6090
2020-05-21,Mexico,2973,1733,420,59567,40152,6510
2020-05-22,Mexico,2960,2039,479,62527,42191,6989
2020-05-23,Mexico,3329,2233,190,65856,44424,7179
2020-05-24,Mexico,2764,2555,215,68620,46979,7394
2020-05-25,Mexico,2485,2473,239,71105,49452,7633
2020-05-26,Mexico,3455,2256,501,74560,51708,8134
2020-05-27,Mexico,3463,2126,463,78023,53834,8597
2020-05-28,Mexico,3377,2207,447,81400,56041,9044
2020-05-29,Mexico,3227,2962,371,84627,59003,9415
2020-05-30,Mexico,2885,2244,364,87512,61247,9779
2020-05-31,Mexico,3152,2525,151,90664,63772,9930
2020-06-01,Mexico,2771,3193,237,93435,66965,10167
2020-06-02,Mexico,3891,2784,470,97326,69749,10637
2020-06-03,Mexico,3912,2931,1092,101238,72680,11729
2020-06-04,Mexico,4442,2078,816,105680,74758,12545
2020-06-05,Mexico,4346,3083,625,110026,77841,13170
2020-06-06,Mexico,3593,2989,341,113619,80830,13511
2020-06-07,Mexico,3484,2945,188,117103,83775,13699
2020-06-08,Mexico,2999,3858,354,120102,87633,14053
2020-06-09,Mexico,4199,3115,596,124301,90748,14649
2020-06-10,Mexico,4883,3182,708,129184,93930,15357
2020-06-11,Mexico,4790,3268,587,133974,97198,15944
2020-06-12,Mexico,5222,3678,504,139196,100876,16448
2020-06-13,Mexico,3494,3202,424,142690,104078,16872
2020-06-14,Mexico,4147,3220,269,146837,107298,17141
2020-06-15,Mexico,3427,4994,439,150264,112292,17580
2020-06-16,Mexico,4599,3102,730,154863,115394,18310
2020-06-17,Mexico,4930,3110,770,159793,118504,19080
2020-06-18,Mexico,5662,3676,667,165455,122180,19747
2020-06-19,Mexico,5030,4258,647,170485,126438,20394
2020-06-20,Mexico,4717,4416,387,175202,130854,20781
2020-06-21,Mexico,5343,3641,1044,180545,134495,21825
2020-06-22,Mexico,4577,4888,759,185122,139383,22584
2020-06-23,Mexico,6288,4263,793,191410,143646,23377
2020-06-24,Mexico,5437,4841,947,196847,148487,24324
2020-06-25,Mexico,6104,3875,736,202951,152362,25060
2020-06-26,Mexico,5441,4465,719,208392,156827,25779
2020-06-27,Mexico,4410,3894,602,212802,160721,26381
2020-06-28,Mexico,4050,3925,267,216852,164646,26648
2020-06-29,Mexico,3805,5501,473,220657,170147,27121
2020-06-30,Mexico,5432,4391,648,226089,174538,27769
2020-07-01,Mexico,5681,3988,741,231770,178526,28510
2020-07-02,Mexico,6741,5231,679,238511,183757,29189
2020-07-03,Mexico,6740,5588,654,245251,189345,29843
2020-07-04,Mexico,6914,6379,523,252165,195724,30366
2020-07-05,Mexico,4683,4190,273,256848,199914,30639
2020-07-06,Mexico,4902,4912,480,261750,204826,31119
2020-07-07,Mexico,6258,4611,895,268008,209437,32014
2020-07-08,Mexico,6995,4879,782,275003,214316,32796
2020-07-09,Mexico,7280,5312,730,282283,219628,33526
2020-07-10,Mexico,6891,5728,665,289174,225356,34191
2020-07-11,Mexico,6094,4500,539,295268,229856,34730
2020-07-12,Mexico,4482,5049,276,299750,234905,35006
2020-07-13,Mexico,4685,5196,485,304435,240101,35491
2020-07-14,Mexico,7051,5729,836,311486,245830,36327
2020-07-15,Mexico,6149,6538,579,317635,252368,36906
2020-07-16,Mexico,6406,5313,668,324041,257681,37574
2020-07-17,Mexico,7257,6521,736,331298,264202,38310
2020-07-18,Mexico,7615,7037,578,338913,271239,38888
2020-07-19,Mexico,5311,-16298,296,344224,254941,39184
2020-07-20,Mexico,5172,8150,301,349396,263091,39485
2020-07-21,Mexico,6859,4316,915,356255,267407,40400
2020-07-22,Mexico,6019,2740,790,362274,270147,41190
2020-07-23,Mexico,8438,5307,718,370712,275454,41908
2020-07-24,Mexico,7573,7928,737,378285,283382,42645
2020-07-25,Mexico,6751,5437,729,385036,288819,43374
2020-07-26,Mexico,5480,6403,306,390516,295222,43680
2020-07-27,Mexico,4973,8588,342,395489,303810,44022
2020-07-28,Mexico,7208,4332,854,402697,308142,44876
2020-07-29,Mexico,5752,6396,485,408449,314538,45361
2020-07-30,Mexico,7730,5562,639,416179,320100,46000
2020-07-31,Mexico,8458,7015,688,424637,327115,46688
2020-08-01,Mexico,9556,7752,784,434193,334867,47472
2020-08-02,Mexico,4853,7660,274,439046,342527,47746
2020-08-03,Mexico,4767,10915,266,443813,353442,48012
2020-08-04,Mexico,6148,4002,857,449961,357444,48869
2020-08-05,Mexico,6139,4320,829,456100,361764,49698
2020-08-06,Mexico,6590,3547,819,462690,365311,50517
2020-08-07,Mexico,6717,4787,794,469407,370098,51311
2020-08-08,Mexico,6495,7027,695,475902,377125,52006
2020-08-09,Mexico,4376,7307,292,480278,384432,52298
2020-08-10,Mexico,5558,8728,705,485836,393160,53003
2020-08-11,Mexico,6686,4118,926,492522,397278,53929
2020-08-12,Mexico,5858,3904,737,498380,401182,54666
2020-08-13,Mexico,7371,5401,627,505751,406583,55293
2020-08-14,Mexico,5618,3896,615,511369,410479,55908
2020-08-15,Mexico,6345,7685,635,517714,418164,56543
2020-08-16,Mexico,4448,6134,214,522162,424298,56757
2020-08-17,Mexico,3571,6542,266,525733,430840,57023
2020-08-18,Mexico,5506,2969,751,531239,433809,57774
2020-08-19,Mexico,5792,4566,707,537031,438375,58481
2020-08-20,Mexico,6775,4407,625,543806,442782,59106
2020-08-21,Mexico,5928,5562,504,549734,448344,59610
2020-08-22,Mexico,6482,4760,644,556216,453104,60254
2020-08-23,Mexico,3948,5019,226,560164,458123,60480
2020-08-24,Mexico,3541,8086,320,563705,466209,60800
2020-08-25,Mexico,4916,2997,650,568621,469206,61450
2020-08-26,Mexico,5267,2991,626,573888,472197,62076
2020-08-27,Mexico,6026,3335,518,579914,475532,62594
2020-08-28,Mexico,5824,4238,552,585738,479770,63146
2020-08-29,Mexico,5974,4513,673,591712,484283,63819
2020-08-30,Mexico,4129,5441,339,595841,489724,64158
2020-08-31,Mexico,3719,6498,256,599560,496222,64414
2020-09-01,Mexico,6476,5500,827,606036,501722,65241
2020-09-02,Mexico,4921,2819,575,610957,504541,65816
2020-09-03,Mexico,5937,6085,513,616894,510626,66329
2020-09-04,Mexico,6196,4037,522,623090,514663,66851
2020-09-05,Mexico,6319,4181,475,629409,518844,67326
2020-09-06,Mexico,4614,5825,232,634023,524669,67558
2020-09-07,Mexico,3486,6665,223,637509,531334,67781
2020-09-08,Mexico,5351,3807,703,642860,535141,68484
2020-09-09,Mexico,4461,3373,565,647321,538514,69049
2020-09-10,Mexico,5043,3290,600,652364,541804,69649
2020-09-11,Mexico,5935,5284,534,658299,547088,70183
2020-09-12,Mexico,5674,4025,421,663973,551113,70604
2020-09-13,Mexico,4408,6268,217,668381,557381,70821
2020-09-14,Mexico,3335,6672,228,671716,564053,71049
2020-09-15,Mexico,4771,5493,629,676487,569546,71678
2020-09-16,Mexico,4444,4657,300,680931,574203,71978
2020-09-17,Mexico,3182,4942,201,684113,579145,72179
2020-09-18,Mexico,4841,2964,624,688954,582109,72803
2020-09-19,Mexico,5167,4045,455,694121,586154,73258
2020-09-20,Mexico,3542,4305,235,697663,590459,73493
2020-09-21,Mexico,2917,5858,204,700580,596317,73697
2020-09-22,Mexico,4683,2636,651,705263,598953,74348
2020-09-23,Mexico,4786,2658,601,710049,601611,74949
2020-09-24,Mexico,5408,4185,490,715457,605796,75439
2020-09-25,Mexico,5401,3245,405,720858,609041,75844
2020-09-26,Mexico,5573,3320,399,726431,612361,76243
2020-09-27,Mexico,3886,4335,187,730317,616696,76430
2020-09-28,Mexico,3400,5702,173,733717,622398,76603
2020-09-29,Mexico,4446,3114,560,738163,625512,77163
2020-09-30,Mexico,5053,2495,483,743216,628007,77646
2020-10-01,Mexico,5099,1623,432,748315,629630,78078
2020-10-02,Mexico,4775,4176,414,753090,633806,78492
2020-10-03,Mexico,4863,4187,388,757953,637993,78880
2020-10-04,Mexico,3712,7130,208,761665,645123,79088
2020-10-05,Mexico,28115,24911,2789,789780,670034,81877
2020-10-06,Mexico,4828,6889,471,794608,676923,82348
2020-10-07,Mexico,4580,2770,378,799188,679693,82726
2020-10-08,Mexico,5300,2911,370,804488,682604,83096
2020-10-09,Mexico,5532,4519,401,810020,687123,83497
2020-10-10,Mexico,4308,2254,145,814328,689377,83642
2020-10-11,Mexico,3175,4837,139,817503,694214,83781
2020-10-12,Mexico,3542,6612,164,821045,700826,83945
2020-10-13,Mexico,4295,2631,475,825340,703457,84420
2020-10-14,Mexico,4056,32,478,829396,703489,84898
2020-10-15,Mexico,5514,4142,387,834910,707631,85285
2020-10-16,Mexico,6751,4619,419,841661,712250,85704
2020-10-17,Mexico,5447,3598,355,847108,715848,86059
2020-10-18,Mexico,4119,5125,108,851227,720973,86167
2020-10-19,Mexico,3699,6786,171,854926,727759,86338
2020-10-20,Mexico,5788,2835,555,860714,730594,86893
2020-10-21,Mexico,6845,3303,522,867559,733897,87415
2020-10-22,Mexico,6612,3540,0,874171,737437,87415
2020-10-23,Mexico,6604,3497,897,880775,740934,88312
2020-10-24,Mexico,6025,6005,431,886800,746939,88743
2020-10-25,Mexico,4360,5752,181,891160,752691,88924
2020-10-26,Mexico,4166,7568,247,895326,760259,89171
2020-10-27,Mexico,5942,2846,643,901268,763105,89814
2020-10-28,Mexico,5595,2023,495,906863,765128,90309
2020-10-29,Mexico,5948,4879,464,912811,770007,90773
