Date,Country,Confirmed,Recovered,Deceased,Total_Confirmed,Total_Recovered,Total_Deceased
2020-01-23,Ireland,0,0,0,0,0,0
2020-01-24,Ireland,0,0,0,0,0,0
2020-01-25,Ireland,0,0,0,0,0,0
2020-01-26,Ireland,0,0,0,0,0,0
2020-01-27,Ireland,0,0,0,0,0,0
2020-01-28,Ireland,0,0,0,0,0,0
2020-01-29,Ireland,0,0,0,0,0,0
2020-01-30,Ireland,0,0,0,0,0,0
2020-01-31,Ireland,0,0,0,0,0,0
2020-02-01,Ireland,0,0,0,0,0,0
2020-02-02,Ireland,0,0,0,0,0,0
2020-02-03,Ireland,0,0,0,0,0,0
2020-02-04,Ireland,0,0,0,0,0,0
2020-02-05,Ireland,0,0,0,0,0,0
2020-02-06,Ireland,0,0,0,0,0,0
2020-02-07,Ireland,0,0,0,0,0,0
2020-02-08,Ireland,0,0,0,0,0,0
2020-02-09,Ireland,0,0,0,0,0,0
2020-02-10,Ireland,0,0,0,0,0,0
2020-02-11,Ireland,0,0,0,0,0,0
2020-02-12,Ireland,0,0,0,0,0,0
2020-02-13,Ireland,0,0,0,0,0,0
2020-02-14,Ireland,0,0,0,0,0,0
2020-02-15,Ireland,0,0,0,0,0,0
2020-02-16,Ireland,0,0,0,0,0,0
2020-02-17,Ireland,0,0,0,0,0,0
2020-02-18,Ireland,0,0,0,0,0,0
2020-02-19,Ireland,0,0,0,0,0,0
2020-02-20,Ireland,0,0,0,0,0,0
2020-02-21,Ireland,0,0,0,0,0,0
2020-02-22,Ireland,0,0,0,0,0,0
2020-02-23,Ireland,0,0,0,0,0,0
2020-02-24,Ireland,0,0,0,0,0,0
2020-02-25,Ireland,0,0,0,0,0,0
2020-02-26,Ireland,0,0,0,0,0,0
2020-02-27,Ireland,0,0,0,0,0,0
2020-02-28,Ireland,0,0,0,0,0,0
2020-02-29,Ireland,1,0,0,1,0,0
2020-03-01,Ireland,0,0,0,1,0,0
2020-03-02,Ireland,0,0,0,1,0,0
2020-03-03,Ireland,1,0,0,2,0,0
2020-03-04,Ireland,4,0,0,6,0,0
2020-03-05,Ireland,0,0,0,6,0,0
2020-03-06,Ireland,12,0,0,18,0,0
2020-03-07,Ireland,0,0,0,18,0,0
2020-03-08,Ireland,1,0,0,19,0,0
2020-03-09,Ireland,2,0,0,21,0,0
2020-03-10,Ireland,13,0,0,34,0,0
2020-03-11,Ireland,9,0,1,43,0,1
2020-03-12,Ireland,0,0,0,43,0,1
2020-03-13,Ireland,47,0,0,90,0,1
2020-03-14,Ireland,39,0,1,129,0,2
2020-03-15,Ireland,0,0,0,129,0,2
2020-03-16,Ireland,40,0,0,169,0,2
2020-03-17,Ireland,54,5,0,223,5,2
2020-03-18,Ireland,69,0,0,292,5,2
2020-03-19,Ireland,265,0,1,557,5,3
2020-03-20,Ireland,126,0,0,683,5,3
2020-03-21,Ireland,102,0,0,785,5,3
2020-03-22,Ireland,121,0,1,906,5,4
2020-03-23,Ireland,219,0,2,1125,5,6
2020-03-24,Ireland,204,0,1,1329,5,7
2020-03-25,Ireland,235,0,2,1564,5,9
2020-03-26,Ireland,255,0,10,1819,5,19
2020-03-27,Ireland,302,0,3,2121,5,22
2020-03-28,Ireland,294,0,14,2415,5,36
2020-03-29,Ireland,200,0,10,2615,5,46
2020-03-30,Ireland,295,0,8,2910,5,54
2020-03-31,Ireland,325,0,17,3235,5,71
2020-04-01,Ireland,212,0,14,3447,5,85
2020-04-02,Ireland,402,0,13,3849,5,98
2020-04-03,Ireland,424,0,22,4273,5,120
2020-04-04,Ireland,331,20,17,4604,25,137
2020-04-05,Ireland,390,0,21,4994,25,158
2020-04-06,Ireland,370,0,16,5364,25,174
2020-04-07,Ireland,345,0,36,5709,25,210
2020-04-08,Ireland,365,0,25,6074,25,235
2020-04-09,Ireland,500,0,28,6574,25,263
2020-04-10,Ireland,1515,0,24,8089,25,287
2020-04-11,Ireland,839,0,33,8928,25,320
2020-04-12,Ireland,727,0,14,9655,25,334
2020-04-13,Ireland,992,0,31,10647,25,365
2020-04-14,Ireland,832,0,41,11479,25,406
2020-04-15,Ireland,1068,52,38,12547,77,444
2020-04-16,Ireland,724,0,42,13271,77,486
2020-04-17,Ireland,709,0,44,13980,77,530
2020-04-18,Ireland,778,0,41,14758,77,571
2020-04-19,Ireland,493,0,39,15251,77,610
2020-04-20,Ireland,401,0,77,15652,77,687
2020-04-21,Ireland,388,9156,43,16040,9233,730
2020-04-22,Ireland,631,0,39,16671,9233,769
2020-04-23,Ireland,936,0,25,17607,9233,794
2020-04-24,Ireland,577,0,220,18184,9233,1014
2020-04-25,Ireland,377,0,49,18561,9233,1063
2020-04-26,Ireland,701,0,24,19262,9233,1087
2020-04-27,Ireland,386,0,15,19648,9233,1102
2020-04-28,Ireland,229,0,57,19877,9233,1159
2020-04-29,Ireland,376,4153,31,20253,13386,1190
2020-04-30,Ireland,359,0,42,20612,13386,1232
2020-05-01,Ireland,221,0,33,20833,13386,1265
2020-05-02,Ireland,343,0,21,21176,13386,1286
2020-05-03,Ireland,330,0,17,21506,13386,1303
2020-05-04,Ireland,266,0,16,21772,13386,1319
2020-05-05,Ireland,211,0,20,21983,13386,1339
2020-05-06,Ireland,265,3724,36,22248,17110,1375
2020-05-07,Ireland,137,0,28,22385,17110,1403
2020-05-08,Ireland,156,0,26,22541,17110,1429
2020-05-09,Ireland,219,0,17,22760,17110,1446
2020-05-10,Ireland,236,0,12,22996,17110,1458
2020-05-11,Ireland,139,0,9,23135,17110,1467
2020-05-12,Ireland,107,0,21,23242,17110,1488
2020-05-13,Ireland,159,2360,9,23401,19470,1497
2020-05-14,Ireland,426,0,9,23827,19470,1506
2020-05-15,Ireland,129,0,12,23956,19470,1518
2020-05-16,Ireland,92,0,15,24048,19470,1533
2020-05-17,Ireland,64,0,10,24112,19470,1543
2020-05-18,Ireland,88,0,4,24200,19470,1547
2020-05-19,Ireland,51,0,14,24251,19470,1561
2020-05-20,Ireland,64,1590,10,24315,21060,1571
2020-05-21,Ireland,76,0,12,24391,21060,1583
2020-05-22,Ireland,115,0,9,24506,21060,1592
2020-05-23,Ireland,76,0,12,24582,21060,1604
2020-05-24,Ireland,57,0,4,24639,21060,1608
2020-05-25,Ireland,59,0,-2,24698,21060,1606
2020-05-26,Ireland,37,0,9,24735,21060,1615
2020-05-27,Ireland,68,1029,16,24803,22089,1631
2020-05-28,Ireland,38,0,8,24841,22089,1639
2020-05-29,Ireland,35,0,6,24876,22089,1645
2020-05-30,Ireland,53,0,6,24929,22089,1651
2020-05-31,Ireland,61,0,1,24990,22089,1652
2020-06-01,Ireland,72,0,-2,25062,22089,1650
2020-06-02,Ireland,4,0,8,25066,22089,1658
2020-06-03,Ireland,45,609,1,25111,22698,1659
2020-06-04,Ireland,31,0,5,25142,22698,1664
2020-06-05,Ireland,21,0,6,25163,22698,1670
2020-06-06,Ireland,20,0,8,25183,22698,1678
2020-06-07,Ireland,18,0,1,25201,22698,1679
2020-06-08,Ireland,6,0,4,25207,22698,1683
2020-06-09,Ireland,8,0,8,25215,22698,1691
2020-06-10,Ireland,16,0,4,25231,22698,1695
2020-06-11,Ireland,7,0,8,25238,22698,1703
2020-06-12,Ireland,12,0,2,25250,22698,1705
2020-06-13,Ireland,45,0,0,25295,22698,1705
2020-06-14,Ireland,8,0,1,25303,22698,1706
2020-06-15,Ireland,18,0,0,25321,22698,1706
2020-06-16,Ireland,13,0,3,25334,22698,1709
2020-06-17,Ireland,7,0,1,25341,22698,1710
2020-06-18,Ireland,14,0,4,25355,22698,1714
2020-06-19,Ireland,13,0,0,25368,22698,1714
2020-06-20,Ireland,6,0,1,25374,22698,1715
2020-06-21,Ireland,5,0,0,25379,22698,1715
2020-06-22,Ireland,4,0,2,25383,22698,1717
2020-06-23,Ireland,8,0,3,25391,22698,1720
2020-06-24,Ireland,5,666,6,25396,23364,1726
2020-06-25,Ireland,9,0,1,25405,23364,1727
2020-06-26,Ireland,9,0,3,25414,23364,1730
2020-06-27,Ireland,23,0,4,25437,23364,1734
2020-06-28,Ireland,2,0,1,25439,23364,1735
2020-06-29,Ireland,23,0,0,25462,23364,1735
2020-06-30,Ireland,11,0,1,25473,23364,1736
2020-07-01,Ireland,4,0,2,25477,23364,1738
2020-07-02,Ireland,12,0,0,25489,23364,1738
2020-07-03,Ireland,9,0,2,25498,23364,1740
2020-07-04,Ireland,11,0,1,25509,23364,1741
2020-07-05,Ireland,18,0,0,25527,23364,1741
2020-07-06,Ireland,4,0,0,25531,23364,1741
2020-07-07,Ireland,7,0,1,25538,23364,1742
2020-07-08,Ireland,4,0,-4,25542,23364,1738
2020-07-09,Ireland,23,0,5,25565,23364,1743
2020-07-10,Ireland,24,0,1,25589,23364,1744
2020-07-11,Ireland,22,0,2,25611,23364,1746
2020-07-12,Ireland,17,0,0,25628,23364,1746
2020-07-13,Ireland,10,0,0,25638,23364,1746
2020-07-14,Ireland,32,0,0,25670,23364,1746
2020-07-15,Ireland,13,0,2,25683,23364,1748
2020-07-16,Ireland,15,0,1,25698,23364,1749
2020-07-17,Ireland,32,0,3,25730,23364,1752
2020-07-18,Ireland,20,0,1,25750,23364,1753
2020-07-19,Ireland,10,0,0,25760,23364,1753
2020-07-20,Ireland,6,0,0,25766,23364,1753
2020-07-21,Ireland,36,0,0,25802,23364,1753
2020-07-22,Ireland,17,0,1,25819,23364,1754
2020-07-23,Ireland,7,0,9,25826,23364,1763
2020-07-24,Ireland,19,0,0,25845,23364,1763
2020-07-25,Ireland,24,0,1,25869,23364,1764
2020-07-26,Ireland,12,0,0,25881,23364,1764
2020-07-27,Ireland,11,0,0,25892,23364,1764
2020-07-28,Ireland,37,0,0,25929,23364,1764
2020-07-29,Ireland,13,0,0,25942,23364,1764
2020-07-30,Ireland,85,0,-1,26027,23364,1763
2020-07-31,Ireland,38,0,0,26065,23364,1763
2020-08-01,Ireland,44,0,0,26109,23364,1763
2020-08-02,Ireland,53,0,0,26162,23364,1763
2020-08-03,Ireland,46,0,0,26208,23364,1763
2020-08-04,Ireland,45,0,0,26253,23364,1763
2020-08-05,Ireland,50,0,0,26303,23364,1763
2020-08-06,Ireland,69,0,5,26372,23364,1768
2020-08-07,Ireland,98,0,4,26470,23364,1772
2020-08-08,Ireland,174,0,0,26644,23364,1772
2020-08-09,Ireland,68,0,0,26712,23364,1772
2020-08-10,Ireland,56,0,0,26768,23364,1772
2020-08-11,Ireland,33,0,1,26801,23364,1773
2020-08-12,Ireland,37,0,1,26838,23364,1774
2020-08-13,Ireland,91,0,0,26929,23364,1774
2020-08-14,Ireland,66,0,0,26995,23364,1774
2020-08-15,Ireland,196,0,0,27191,23364,1774
2020-08-16,Ireland,66,0,0,27257,23364,1774
2020-08-17,Ireland,56,0,0,27313,23364,1774
2020-08-18,Ireland,186,0,1,27499,23364,1775
2020-08-19,Ireland,48,0,0,27547,23364,1775
2020-08-20,Ireland,129,0,1,27676,23364,1776
2020-08-21,Ireland,79,0,0,27755,23364,1776
2020-08-22,Ireland,153,0,1,27908,23364,1777
2020-08-23,Ireland,61,0,0,27969,23364,1777
2020-08-24,Ireland,147,0,0,28116,23364,1777
2020-08-25,Ireland,85,0,0,28201,23364,1777
2020-08-26,Ireland,162,0,0,28363,23364,1777
2020-08-27,Ireland,90,0,0,28453,23364,1777
2020-08-28,Ireland,125,0,0,28578,23364,1777
2020-08-29,Ireland,142,0,0,28720,23364,1777
2020-08-30,Ireland,40,0,0,28760,23364,1777
2020-08-31,Ireland,51,0,0,28811,23364,1777
2020-09-01,Ireland,214,0,0,29025,23364,1777
2020-09-02,Ireland,89,0,0,29114,23364,1777
2020-09-03,Ireland,92,0,0,29206,23364,1777
2020-09-04,Ireland,97,0,0,29303,23364,1777
2020-09-05,Ireland,231,0,0,29534,23364,1777
2020-09-06,Ireland,138,0,0,29672,23364,1777
2020-09-07,Ireland,102,0,0,29774,23364,1777
2020-09-08,Ireland,306,0,1,30080,23364,1778
2020-09-09,Ireland,84,0,3,30164,23364,1781
2020-09-10,Ireland,196,0,0,30360,23364,1781
2020-09-11,Ireland,211,0,0,30571,23364,1781
2020-09-12,Ireland,159,0,2,30730,23364,1783
2020-09-13,Ireland,255,0,1,30985,23364,1784
2020-09-14,Ireland,207,0,0,31192,23364,1784
2020-09-15,Ireland,357,0,3,31549,23364,1787
2020-09-16,Ireland,250,0,1,31799,23364,1788
2020-09-17,Ireland,224,0,1,32023,23364,1789
2020-09-18,Ireland,248,0,3,32271,23364,1792
2020-09-19,Ireland,267,0,0,32538,23364,1792
2020-09-20,Ireland,395,0,0,32933,23364,1792
2020-09-21,Ireland,188,0,0,33121,23364,1792
2020-09-22,Ireland,323,0,0,33444,23364,1792
2020-09-23,Ireland,231,0,2,33675,23364,1794
2020-09-24,Ireland,319,0,3,33994,23364,1797
2020-09-25,Ireland,321,0,0,34315,23364,1797
2020-09-26,Ireland,245,0,5,34560,23364,1802
2020-09-27,Ireland,430,0,0,34990,23364,1802
2020-09-28,Ireland,387,0,0,35377,23364,1802
2020-09-29,Ireland,363,0,1,35740,23364,1803
2020-09-30,Ireland,415,0,1,36155,23364,1804
2020-10-01,Ireland,442,0,2,36597,23364,1806
2020-10-02,Ireland,466,0,-5,37063,23364,1801
2020-10-03,Ireland,605,0,9,37668,23364,1810
2020-10-04,Ireland,364,0,0,38032,23364,1810
2020-10-05,Ireland,517,0,0,38549,23364,1810
2020-10-06,Ireland,424,0,1,38973,23364,1811
2020-10-07,Ireland,611,0,5,39584,23364,1816
2020-10-08,Ireland,502,0,1,40086,23364,1817
2020-10-09,Ireland,617,0,4,40703,23364,1821
2020-10-10,Ireland,1011,0,3,41714,23364,1824
2020-10-11,Ireland,814,0,2,42528,23364,1826
2020-10-12,Ireland,823,0,1,43351,23364,1827
2020-10-13,Ireland,808,0,3,44159,23364,1830
2020-10-14,Ireland,1084,0,5,45243,23364,1835
2020-10-15,Ireland,1186,0,3,46429,23364,1838
2020-10-16,Ireland,998,0,3,47427,23364,1841
2020-10-17,Ireland,1251,0,8,48678,23364,1849
2020-10-18,Ireland,1284,0,3,49962,23364,1852
2020-10-19,Ireland,1031,0,0,50993,23364,1852
2020-10-20,Ireland,1263,0,13,52256,23364,1865
2020-10-21,Ireland,1166,0,3,53422,23364,1868
2020-10-22,Ireland,1054,0,3,54476,23364,1871
2020-10-23,Ireland,785,0,7,55261,23364,1878
2020-10-24,Ireland,847,0,4,56108,23364,1882
2020-10-25,Ireland,1020,0,0,57128,23364,1882
2020-10-26,Ireland,939,0,3,58067,23364,1885
2020-10-27,Ireland,700,0,5,58767,23364,1890
2020-10-28,Ireland,667,0,6,59434,23364,1896
2020-10-29,Ireland,863,0,6,60297,23364,1902
