Date,Country,Confirmed,Recovered,Deceased,Total_Confirmed,Total_Recovered,Total_Deceased
2020-01-23,Indonesia,0,0,0,0,0,0
2020-01-24,Indonesia,0,0,0,0,0,0
2020-01-25,Indonesia,0,0,0,0,0,0
2020-01-26,Indonesia,0,0,0,0,0,0
2020-01-27,Indonesia,0,0,0,0,0,0
2020-01-28,Indonesia,0,0,0,0,0,0
2020-01-29,Indonesia,0,0,0,0,0,0
2020-01-30,Indonesia,0,0,0,0,0,0
2020-01-31,Indonesia,0,0,0,0,0,0
2020-02-01,Indonesia,0,0,0,0,0,0
2020-02-02,Indonesia,0,0,0,0,0,0
2020-02-03,Indonesia,0,0,0,0,0,0
2020-02-04,Indonesia,0,0,0,0,0,0
2020-02-05,Indonesia,0,0,0,0,0,0
2020-02-06,Indonesia,0,0,0,0,0,0
2020-02-07,Indonesia,0,0,0,0,0,0
2020-02-08,Indonesia,0,0,0,0,0,0
2020-02-09,Indonesia,0,0,0,0,0,0
2020-02-10,Indonesia,0,0,0,0,0,0
2020-02-11,Indonesia,0,0,0,0,0,0
2020-02-12,Indonesia,0,0,0,0,0,0
2020-02-13,Indonesia,0,0,0,0,0,0
2020-02-14,Indonesia,0,0,0,0,0,0
2020-02-15,Indonesia,0,0,0,0,0,0
2020-02-16,Indonesia,0,0,0,0,0,0
2020-02-17,Indonesia,0,0,0,0,0,0
2020-02-18,Indonesia,0,0,0,0,0,0
2020-02-19,Indonesia,0,0,0,0,0,0
2020-02-20,Indonesia,0,0,0,0,0,0
2020-02-21,Indonesia,0,0,0,0,0,0
2020-02-22,Indonesia,0,0,0,0,0,0
2020-02-23,Indonesia,0,0,0,0,0,0
2020-02-24,Indonesia,0,0,0,0,0,0
2020-02-25,Indonesia,0,0,0,0,0,0
2020-02-26,Indonesia,0,0,0,0,0,0
2020-02-27,Indonesia,0,0,0,0,0,0
2020-02-28,Indonesia,0,0,0,0,0,0
2020-02-29,Indonesia,0,0,0,0,0,0
2020-03-01,Indonesia,0,0,0,0,0,0
2020-03-02,Indonesia,2,0,0,2,0,0
2020-03-03,Indonesia,0,0,0,2,0,0
2020-03-04,Indonesia,0,0,0,2,0,0
2020-03-05,Indonesia,0,0,0,2,0,0
2020-03-06,Indonesia,2,0,0,4,0,0
2020-03-07,Indonesia,0,0,0,4,0,0
2020-03-08,Indonesia,2,0,0,6,0,0
2020-03-09,Indonesia,13,0,0,19,0,0
2020-03-10,Indonesia,8,2,0,27,2,0
2020-03-11,Indonesia,7,0,1,34,2,1
2020-03-12,Indonesia,0,0,0,34,2,1
2020-03-13,Indonesia,35,0,3,69,2,4
2020-03-14,Indonesia,27,6,1,96,8,5
2020-03-15,Indonesia,21,0,0,117,8,5
2020-03-16,Indonesia,17,0,0,134,8,5
2020-03-17,Indonesia,38,0,0,172,8,5
2020-03-18,Indonesia,55,3,14,227,11,19
2020-03-19,Indonesia,84,0,6,311,11,25
2020-03-20,Indonesia,58,4,7,369,15,32
2020-03-21,Indonesia,81,0,6,450,15,38
2020-03-22,Indonesia,64,14,10,514,29,48
2020-03-23,Indonesia,65,0,1,579,29,49
2020-03-24,Indonesia,107,1,6,686,30,55
2020-03-25,Indonesia,104,1,3,790,31,58
2020-03-26,Indonesia,103,4,20,893,35,78
2020-03-27,Indonesia,153,11,9,1046,46,87
2020-03-28,Indonesia,109,13,15,1155,59,102
2020-03-29,Indonesia,130,5,12,1285,64,114
2020-03-30,Indonesia,129,11,8,1414,75,122
2020-03-31,Indonesia,114,6,14,1528,81,136
2020-04-01,Indonesia,149,22,21,1677,103,157
2020-04-02,Indonesia,113,9,13,1790,112,170
2020-04-03,Indonesia,196,22,11,1986,134,181
2020-04-04,Indonesia,106,16,10,2092,150,191
2020-04-05,Indonesia,181,14,7,2273,164,198
2020-04-06,Indonesia,218,28,11,2491,192,209
2020-04-07,Indonesia,247,12,12,2738,204,221
2020-04-08,Indonesia,218,18,19,2956,222,240
2020-04-09,Indonesia,337,30,40,3293,252,280
2020-04-10,Indonesia,219,30,26,3512,282,306
2020-04-11,Indonesia,330,4,21,3842,286,327
2020-04-12,Indonesia,399,73,46,4241,359,373
2020-04-13,Indonesia,316,21,26,4557,380,399
2020-04-14,Indonesia,282,46,60,4839,426,459
2020-04-15,Indonesia,297,20,10,5136,446,469
2020-04-16,Indonesia,380,102,27,5516,548,496
2020-04-17,Indonesia,407,59,24,5923,607,520
2020-04-18,Indonesia,325,24,15,6248,631,535
2020-04-19,Indonesia,327,55,47,6575,686,582
2020-04-20,Indonesia,185,61,8,6760,747,590
2020-04-21,Indonesia,375,95,26,7135,842,616
2020-04-22,Indonesia,283,71,19,7418,913,635
2020-04-23,Indonesia,357,47,12,7775,960,647
2020-04-24,Indonesia,436,42,42,8211,1002,689
2020-04-25,Indonesia,396,40,31,8607,1042,720
2020-04-26,Indonesia,275,65,23,8882,1107,743
2020-04-27,Indonesia,214,44,22,9096,1151,765
2020-04-28,Indonesia,415,103,8,9511,1254,773
2020-04-29,Indonesia,260,137,11,9771,1391,784
2020-04-30,Indonesia,347,131,8,10118,1522,792
2020-05-01,Indonesia,433,69,8,10551,1591,800
2020-05-02,Indonesia,292,74,31,10843,1665,831
2020-05-03,Indonesia,349,211,14,11192,1876,845
2020-05-04,Indonesia,395,78,19,11587,1954,864
2020-05-05,Indonesia,484,243,8,12071,2197,872
2020-05-06,Indonesia,367,120,23,12438,2317,895
2020-05-07,Indonesia,338,64,35,12776,2381,930
2020-05-08,Indonesia,336,113,13,13112,2494,943
2020-05-09,Indonesia,533,113,16,13645,2607,959
2020-05-10,Indonesia,387,91,14,14032,2698,973
2020-05-11,Indonesia,233,183,18,14265,2881,991
2020-05-12,Indonesia,484,182,16,14749,3063,1007
2020-05-13,Indonesia,689,224,21,15438,3287,1028
2020-05-14,Indonesia,568,231,15,16006,3518,1043
2020-05-15,Indonesia,490,285,33,16496,3803,1076
2020-05-16,Indonesia,529,108,13,17025,3911,1089
2020-05-17,Indonesia,489,218,59,17514,4129,1148
2020-05-18,Indonesia,496,195,43,18010,4324,1191
2020-05-19,Indonesia,486,143,30,18496,4467,1221
2020-05-20,Indonesia,693,108,21,19189,4575,1242
2020-05-21,Indonesia,973,263,36,20162,4838,1278
2020-05-22,Indonesia,634,219,48,20796,5057,1326
2020-05-23,Indonesia,949,192,25,21745,5249,1351
2020-05-24,Indonesia,526,153,21,22271,5402,1372
2020-05-25,Indonesia,479,240,19,22750,5642,1391
2020-05-26,Indonesia,415,235,27,23165,5877,1418
2020-05-27,Indonesia,686,180,55,23851,6057,1473
2020-05-28,Indonesia,687,183,23,24538,6240,1496
2020-05-29,Indonesia,678,252,24,25216,6492,1520
2020-05-30,Indonesia,557,523,53,25773,7015,1573
2020-05-31,Indonesia,700,293,40,26473,7308,1613
2020-06-01,Indonesia,467,329,28,26940,7637,1641
2020-06-02,Indonesia,609,298,22,27549,7935,1663
2020-06-03,Indonesia,684,471,35,28233,8406,1698
2020-06-04,Indonesia,585,486,23,28818,8892,1721
2020-06-05,Indonesia,703,551,49,29521,9443,1770
2020-06-06,Indonesia,993,464,31,30514,9907,1801
2020-06-07,Indonesia,672,591,50,31186,10498,1851
2020-06-08,Indonesia,847,406,32,32033,10904,1883
2020-06-09,Indonesia,1043,510,40,33076,11414,1923
2020-06-10,Indonesia,1240,715,36,34316,12129,1959
2020-06-11,Indonesia,979,507,41,35295,12636,2000
2020-06-12,Indonesia,1111,577,48,36406,13213,2048
2020-06-13,Indonesia,1014,563,43,37420,13776,2091
2020-06-14,Indonesia,857,755,43,38277,14531,2134
2020-06-15,Indonesia,1017,592,64,39294,15123,2198
2020-06-16,Indonesia,1106,580,33,40400,15703,2231
2020-06-17,Indonesia,1031,540,45,41431,16243,2276
2020-06-18,Indonesia,1331,555,63,42762,16798,2339
2020-06-19,Indonesia,1041,551,34,43803,17349,2373
2020-06-20,Indonesia,1226,534,56,45029,17883,2429
2020-06-21,Indonesia,862,521,36,45891,18404,2465
2020-06-22,Indonesia,954,331,35,46845,18735,2500
2020-06-23,Indonesia,1051,506,35,47896,19241,2535
2020-06-24,Indonesia,1113,417,38,49009,19658,2573
2020-06-25,Indonesia,1178,791,47,50187,20449,2620
2020-06-26,Indonesia,1240,884,63,51427,21333,2683
2020-06-27,Indonesia,1385,576,37,52812,21909,2720
2020-06-28,Indonesia,1198,1027,34,54010,22936,2754
2020-06-29,Indonesia,1082,864,51,55092,23800,2805
2020-06-30,Indonesia,1293,1006,71,56385,24806,2876
2020-07-01,Indonesia,1385,789,58,57770,25595,2934
2020-07-02,Indonesia,1624,1072,53,59394,26667,2987
2020-07-03,Indonesia,1301,901,49,60695,27568,3036
2020-07-04,Indonesia,1447,651,53,62142,28219,3089
2020-07-05,Indonesia,1607,886,82,63749,29105,3171
2020-07-06,Indonesia,1209,814,70,64958,29919,3241
2020-07-07,Indonesia,1268,866,68,66226,30785,3309
2020-07-08,Indonesia,1853,800,50,68079,31585,3359
2020-07-09,Indonesia,2657,1066,58,70736,32651,3417
2020-07-10,Indonesia,1611,878,52,72347,33529,3469
2020-07-11,Indonesia,1671,1190,66,74018,34719,3535
2020-07-12,Indonesia,1681,919,71,75699,35638,3606
2020-07-13,Indonesia,1282,1051,50,76981,36689,3656
2020-07-14,Indonesia,1591,947,54,78572,37636,3710
2020-07-15,Indonesia,1522,1414,87,80094,39050,3797
2020-07-16,Indonesia,1574,1295,76,81668,40345,3873
2020-07-17,Indonesia,1462,1489,84,83130,41834,3957
2020-07-18,Indonesia,1752,1434,59,84882,43268,4016
2020-07-19,Indonesia,1639,2133,127,86521,45401,4143
2020-07-20,Indonesia,1693,1576,96,88214,46977,4239
2020-07-21,Indonesia,1655,1489,81,89869,48466,4320
2020-07-22,Indonesia,1882,1789,139,91751,50255,4459
2020-07-23,Indonesia,1906,1909,117,93657,52164,4576
2020-07-24,Indonesia,1761,1781,89,95418,53945,4665
2020-07-25,Indonesia,1868,1409,49,97286,55354,4714
2020-07-26,Indonesia,1492,1301,67,98778,56655,4781
2020-07-27,Indonesia,1525,1518,57,100303,58173,4838
2020-07-28,Indonesia,1748,2366,63,102051,60539,4901
2020-07-29,Indonesia,2381,1599,74,104432,62138,4975
2020-07-30,Indonesia,1904,2154,83,106336,64292,5058
2020-07-31,Indonesia,2040,1615,73,108376,65907,5131
2020-08-01,Indonesia,1560,2012,62,109936,67919,5193
2020-08-02,Indonesia,1519,1056,43,111455,68975,5236
2020-08-03,Indonesia,1679,1262,66,113134,70237,5302
2020-08-04,Indonesia,1922,1813,86,115056,72050,5388
2020-08-05,Indonesia,1815,1839,64,116871,73889,5452
2020-08-06,Indonesia,1882,1756,69,118753,75645,5521
2020-08-07,Indonesia,2473,1912,72,121226,77557,5593
2020-08-08,Indonesia,2277,1749,65,123503,79306,5658
2020-08-09,Indonesia,1893,1646,65,125396,80952,5723
2020-08-10,Indonesia,1687,1284,42,127083,82236,5765
2020-08-11,Indonesia,1693,1474,59,128776,83710,5824
2020-08-12,Indonesia,1942,2088,79,130718,85798,5903
2020-08-13,Indonesia,2098,1760,65,132816,87558,5968
2020-08-14,Indonesia,2307,2060,53,135123,89618,6021
2020-08-15,Indonesia,2345,1703,50,137468,91321,6071
2020-08-16,Indonesia,2081,1782,79,139549,93103,6150
2020-08-17,Indonesia,1821,1355,57,141370,94458,6207
2020-08-18,Indonesia,1673,1848,70,143043,96306,6277
2020-08-19,Indonesia,1902,2351,69,144945,98657,6346
2020-08-20,Indonesia,2266,2017,72,147211,100674,6418
2020-08-21,Indonesia,2197,2317,82,149408,102991,6500
2020-08-22,Indonesia,2090,2207,94,151498,105198,6594
2020-08-23,Indonesia,2037,2302,86,153535,107500,6680
2020-08-24,Indonesia,1877,3560,79,155412,111060,6759
2020-08-25,Indonesia,2447,1807,99,157859,112867,6858
2020-08-26,Indonesia,2306,2542,86,160165,115409,6944
2020-08-27,Indonesia,2719,3166,120,162884,118575,7064
2020-08-28,Indonesia,3003,2325,105,165887,120900,7169
2020-08-29,Indonesia,3308,1902,92,169195,122802,7261
2020-08-30,Indonesia,2858,1383,82,172053,124185,7343
2020-08-31,Indonesia,2743,1774,74,174796,125959,7417
2020-09-01,Indonesia,2775,2098,88,177571,128057,7505
2020-09-02,Indonesia,3075,1914,111,180646,129971,7616
2020-09-03,Indonesia,3622,2084,134,184268,132055,7750
2020-09-04,Indonesia,3269,2126,82,187537,134181,7832
2020-09-05,Indonesia,3128,2220,108,190665,136401,7940
2020-09-06,Indonesia,3444,2174,85,194109,138575,8025
2020-09-07,Indonesia,2880,2077,105,196989,140652,8130
2020-09-08,Indonesia,3046,2306,100,200035,142958,8230
2020-09-09,Indonesia,3307,2242,106,203342,145200,8336
2020-09-10,Indonesia,3861,2310,120,207203,147510,8456
2020-09-11,Indonesia,3737,2707,88,210940,150217,8544
2020-09-12,Indonesia,3806,2241,106,214746,152458,8650
2020-09-13,Indonesia,3636,2552,73,218382,155010,8723
2020-09-14,Indonesia,3141,3395,118,221523,158405,8841
2020-09-15,Indonesia,3507,2660,124,225030,161065,8965
2020-09-16,Indonesia,3963,3036,135,228993,164101,9100
2020-09-17,Indonesia,3635,2585,122,232628,166686,9222
2020-09-18,Indonesia,3891,4088,114,236519,170774,9336
2020-09-19,Indonesia,4168,3576,112,240687,174350,9448
2020-09-20,Indonesia,3989,2977,105,244676,177327,9553
2020-09-21,Indonesia,4176,3470,124,248852,180797,9677
2020-09-22,Indonesia,4071,3501,160,252923,184298,9837
2020-09-23,Indonesia,4465,3660,140,257388,187958,9977
2020-09-24,Indonesia,4634,3895,128,262022,191853,10105
2020-09-25,Indonesia,4823,4343,113,266845,196196,10218
2020-09-26,Indonesia,4494,3207,90,271339,199403,10308
2020-09-27,Indonesia,3874,3611,78,275213,203014,10386
2020-09-28,Indonesia,3509,3856,87,278722,206870,10473
2020-09-29,Indonesia,4002,3567,128,282724,210437,10601
2020-09-30,Indonesia,4284,4510,139,287008,214947,10740
2020-10-01,Indonesia,4174,3540,116,291182,218487,10856
2020-10-02,Indonesia,4317,2853,116,295499,221340,10972
2020-10-03,Indonesia,4007,3712,83,299506,225052,11055
2020-10-04,Indonesia,3992,3401,96,303498,228453,11151
2020-10-05,Indonesia,3622,4140,102,307120,232593,11253
2020-10-06,Indonesia,4056,3844,121,311176,236437,11374
2020-10-07,Indonesia,4538,3854,98,315714,240291,11472
2020-10-08,Indonesia,4850,3769,108,320564,244060,11580
2020-10-09,Indonesia,4094,3607,97,324658,247667,11677
2020-10-10,Indonesia,4294,3814,88,328952,251481,11765
2020-10-11,Indonesia,4497,3546,79,333449,255027,11844
2020-10-12,Indonesia,3267,3492,91,336716,258519,11935
2020-10-13,Indonesia,3906,4777,92,340622,263296,12027
2020-10-14,Indonesia,4127,4555,129,344749,267851,12156
2020-10-15,Indonesia,4411,5810,112,349160,273661,12268
2020-10-16,Indonesia,4301,3883,79,353461,277544,12347
2020-10-17,Indonesia,4301,4048,84,357762,281592,12431
2020-10-18,Indonesia,4105,3732,80,361867,285324,12511
2020-10-19,Indonesia,3373,3919,106,365240,289243,12617
2020-10-20,Indonesia,3602,4410,117,368842,293653,12734
2020-10-21,Indonesia,4267,3856,123,373109,297509,12857
2020-10-22,Indonesia,4432,3497,102,377541,301006,12959
2020-10-23,Indonesia,4369,4094,118,381910,305100,13077
2020-10-24,Indonesia,4070,4119,128,385980,309219,13205
2020-10-25,Indonesia,3732,4545,94,389712,313764,13299
2020-10-26,Indonesia,3222,3908,112,392934,317672,13411
2020-10-27,Indonesia,3520,4576,101,396454,322248,13512
2020-10-28,Indonesia,4029,3545,100,400483,325793,13612
2020-10-29,Indonesia,3565,3985,89,404048,329778,13701
