Date,Country,Confirmed,Recovered,Deceased,Total_Confirmed,Total_Recovered,Total_Deceased
2020-01-23,Belarus,0,0,0,0,0,0
2020-01-24,Belarus,0,0,0,0,0,0
2020-01-25,Belarus,0,0,0,0,0,0
2020-01-26,Belarus,0,0,0,0,0,0
2020-01-27,Belarus,0,0,0,0,0,0
2020-01-28,Belarus,0,0,0,0,0,0
2020-01-29,Belarus,0,0,0,0,0,0
2020-01-30,Belarus,0,0,0,0,0,0
2020-01-31,Belarus,0,0,0,0,0,0
2020-02-01,Belarus,0,0,0,0,0,0
2020-02-02,Belarus,0,0,0,0,0,0
2020-02-03,Belarus,0,0,0,0,0,0
2020-02-04,Belarus,0,0,0,0,0,0
2020-02-05,Belarus,0,0,0,0,0,0
2020-02-06,Belarus,0,0,0,0,0,0
2020-02-07,Belarus,0,0,0,0,0,0
2020-02-08,Belarus,0,0,0,0,0,0
2020-02-09,Belarus,0,0,0,0,0,0
2020-02-10,Belarus,0,0,0,0,0,0
2020-02-11,Belarus,0,0,0,0,0,0
2020-02-12,Belarus,0,0,0,0,0,0
2020-02-13,Belarus,0,0,0,0,0,0
2020-02-14,Belarus,0,0,0,0,0,0
2020-02-15,Belarus,0,0,0,0,0,0
2020-02-16,Belarus,0,0,0,0,0,0
2020-02-17,Belarus,0,0,0,0,0,0
2020-02-18,Belarus,0,0,0,0,0,0
2020-02-19,Belarus,0,0,0,0,0,0
2020-02-20,Belarus,0,0,0,0,0,0
2020-02-21,Belarus,0,0,0,0,0,0
2020-02-22,Belarus,0,0,0,0,0,0
2020-02-23,Belarus,0,0,0,0,0,0
2020-02-24,Belarus,0,0,0,0,0,0
2020-02-25,Belarus,0,0,0,0,0,0
2020-02-26,Belarus,0,0,0,0,0,0
2020-02-27,Belarus,0,0,0,0,0,0
2020-02-28,Belarus,1,0,0,1,0,0
2020-02-29,Belarus,0,0,0,1,0,0
2020-03-01,Belarus,0,0,0,1,0,0
2020-03-02,Belarus,0,0,0,1,0,0
2020-03-03,Belarus,0,0,0,1,0,0
2020-03-04,Belarus,5,0,0,6,0,0
2020-03-05,Belarus,0,0,0,6,0,0
2020-03-06,Belarus,0,0,0,6,0,0
2020-03-07,Belarus,0,0,0,6,0,0
2020-03-08,Belarus,0,0,0,6,0,0
2020-03-09,Belarus,0,1,0,6,1,0
2020-03-10,Belarus,3,2,0,9,3,0
2020-03-11,Belarus,0,0,0,9,3,0
2020-03-12,Belarus,3,0,0,12,3,0
2020-03-13,Belarus,15,0,0,27,3,0
2020-03-14,Belarus,0,0,0,27,3,0
2020-03-15,Belarus,0,0,0,27,3,0
2020-03-16,Belarus,9,0,0,36,3,0
2020-03-17,Belarus,0,0,0,36,3,0
2020-03-18,Belarus,15,2,0,51,5,0
2020-03-19,Belarus,0,0,0,51,5,0
2020-03-20,Belarus,18,0,0,69,5,0
2020-03-21,Belarus,7,10,0,76,15,0
2020-03-22,Belarus,0,0,0,76,15,0
2020-03-23,Belarus,5,0,0,81,15,0
2020-03-24,Belarus,0,7,0,81,22,0
2020-03-25,Belarus,5,7,0,86,29,0
2020-03-26,Belarus,0,0,0,86,29,0
2020-03-27,Belarus,8,3,0,94,32,0
2020-03-28,Belarus,0,0,0,94,32,0
2020-03-29,Belarus,0,0,0,94,32,0
2020-03-30,Belarus,58,0,0,152,32,0
2020-03-31,Belarus,0,15,1,152,47,1
2020-04-01,Belarus,11,6,1,163,53,2
2020-04-02,Belarus,141,0,2,304,53,4
2020-04-03,Belarus,47,0,0,351,53,4
2020-04-04,Belarus,89,0,1,440,53,5
2020-04-05,Belarus,122,-1,3,562,52,8
2020-04-06,Belarus,138,1,5,700,53,13
2020-04-07,Belarus,161,1,0,861,54,13
2020-04-08,Belarus,205,23,0,1066,77,13
2020-04-09,Belarus,420,62,3,1486,139,16
2020-04-10,Belarus,495,30,3,1981,169,19
2020-04-11,Belarus,245,3,4,2226,172,23
2020-04-12,Belarus,352,31,3,2578,203,26
2020-04-13,Belarus,341,0,3,2919,203,29
2020-04-14,Belarus,362,0,4,3281,203,33
2020-04-15,Belarus,447,0,3,3728,203,36
2020-04-16,Belarus,476,0,4,4204,203,40
2020-04-17,Belarus,575,139,2,4779,342,42
2020-04-18,Belarus,518,0,3,5297,342,45
2020-04-19,Belarus,510,152,2,5807,494,47
2020-04-20,Belarus,457,20,4,6264,514,51
2020-04-21,Belarus,459,63,4,6723,577,55
2020-04-22,Belarus,558,192,3,7281,769,58
2020-04-23,Belarus,741,169,2,8022,938,60
2020-04-24,Belarus,751,182,3,8773,1120,63
2020-04-25,Belarus,817,453,4,9590,1573,67
2020-04-26,Belarus,873,122,5,10463,1695,72
2020-04-27,Belarus,826,45,3,11289,1740,75
2020-04-28,Belarus,919,253,4,12208,1993,79
2020-04-29,Belarus,973,79,5,13181,2072,84
2020-04-30,Belarus,846,314,5,14027,2386,89
2020-05-01,Belarus,890,532,4,14917,2918,93
2020-05-02,Belarus,911,199,4,15828,3117,97
2020-05-03,Belarus,877,79,2,16705,3196,99
2020-05-04,Belarus,784,63,4,17489,3259,103
2020-05-05,Belarus,861,512,4,18350,3771,107
2020-05-06,Belarus,905,617,5,19255,4388,112
2020-05-07,Belarus,913,679,4,20168,5067,116
2020-05-08,Belarus,933,417,5,21101,5484,121
2020-05-09,Belarus,951,566,5,22052,6050,126
2020-05-10,Belarus,921,356,5,22973,6406,131
2020-05-11,Belarus,933,125,4,23906,6531,135
2020-05-12,Belarus,967,443,7,24873,6974,142
2020-05-13,Belarus,952,737,4,25825,7711,146
2020-05-14,Belarus,947,457,5,26772,8168,151
2020-05-15,Belarus,958,639,5,27730,8807,156
2020-05-16,Belarus,951,691,4,28681,9498,160
2020-05-17,Belarus,969,434,5,29650,9932,165
2020-05-18,Belarus,922,198,6,30572,10130,171
2020-05-19,Belarus,936,490,4,31508,10620,175
2020-05-20,Belarus,918,795,4,32426,11415,179
2020-05-21,Belarus,945,642,6,33371,12057,185
2020-05-22,Belarus,932,776,5,34303,12833,190
2020-05-23,Belarus,941,695,4,35244,13528,194
2020-05-24,Belarus,954,627,5,36198,14155,199
2020-05-25,Belarus,946,294,5,37144,14449,204
2020-05-26,Belarus,915,637,4,38059,15086,208
2020-05-27,Belarus,897,837,6,38956,15923,214
2020-05-28,Belarus,902,737,5,39858,16660,219
2020-05-29,Belarus,906,730,5,40764,17390,224
2020-05-30,Belarus,894,574,5,41658,17964,229
2020-05-31,Belarus,898,550,6,42556,18514,235
2020-06-01,Belarus,847,262,5,43403,18776,240
2020-06-02,Belarus,852,419,3,44255,19195,243
2020-06-03,Belarus,861,976,5,45116,20171,248
2020-06-04,Belarus,865,991,5,45981,21162,253
2020-06-05,Belarus,887,904,6,46868,22066,259
2020-06-06,Belarus,883,949,4,47751,23015,263
2020-06-07,Belarus,879,632,6,48630,23647,269
2020-06-08,Belarus,823,233,7,49453,23880,276
2020-06-09,Belarus,812,626,6,50265,24506,282
2020-06-10,Belarus,801,1161,6,51066,25667,288
2020-06-11,Belarus,750,976,5,51816,26643,293
2020-06-12,Belarus,704,1117,5,52520,27760,298
2020-06-13,Belarus,721,1351,5,53241,29111,303
2020-06-14,Belarus,732,992,5,53973,30103,308
2020-06-15,Belarus,707,317,4,54680,30420,312
2020-06-16,Belarus,689,853,6,55369,31273,318
2020-06-17,Belarus,663,1462,6,56032,32735,324
2020-06-18,Belarus,625,1288,7,56657,34023,331
2020-06-19,Belarus,676,1252,6,57333,35275,337
2020-06-20,Belarus,603,1474,6,57936,36749,343
2020-06-21,Belarus,569,917,3,58505,37666,346
2020-06-22,Belarus,518,257,5,59023,37923,351
2020-06-23,Belarus,464,765,6,59487,38688,357
2020-06-24,Belarus,458,1448,5,59945,40136,362
2020-06-25,Belarus,437,1312,5,60382,41448,367
2020-06-26,Belarus,331,1241,6,60713,42689,373
2020-06-27,Belarus,382,1437,4,61095,44126,377
2020-06-28,Belarus,380,901,6,61475,45027,383
2020-06-29,Belarus,315,186,4,61790,45213,387
2020-06-30,Belarus,328,841,5,62118,46054,392
2020-07-01,Belarus,306,1499,6,62424,47553,398
2020-07-02,Belarus,274,1185,7,62698,48738,405
2020-07-03,Belarus,299,1171,7,62997,49909,412
2020-07-04,Belarus,273,760,6,63270,50669,418
2020-07-05,Belarus,284,202,5,63554,50871,423
2020-07-06,Belarus,250,249,6,63804,51120,429
2020-07-07,Belarus,199,782,7,64003,51902,436
2020-07-08,Belarus,221,952,7,64224,52854,443
2020-07-09,Belarus,187,755,6,64411,53609,449
2020-07-10,Belarus,193,645,5,64604,54254,454
2020-07-11,Belarus,163,665,5,64767,54919,459
2020-07-12,Belarus,165,461,5,64932,55380,464
2020-07-13,Belarus,182,112,4,65114,55492,468
2020-07-14,Belarus,155,307,6,65269,55799,474
2020-07-15,Belarus,174,580,6,65443,56379,480
2020-07-16,Belarus,180,536,5,65623,56915,485
2020-07-17,Belarus,159,455,6,65782,57370,491
2020-07-18,Belarus,171,486,4,65953,57856,495
2020-07-19,Belarus,142,348,4,66095,58204,499
2020-07-20,Belarus,118,86,4,66213,58290,503
2020-07-21,Belarus,135,302,4,66348,58592,507
2020-07-22,Belarus,173,469,6,66521,59061,513
2020-07-23,Belarus,167,378,6,66688,59439,519
2020-07-24,Belarus,158,316,5,66846,59755,524
2020-07-25,Belarus,156,337,6,67002,60092,530
2020-07-26,Belarus,130,333,4,67132,60425,534
2020-07-27,Belarus,119,67,4,67251,60492,538
2020-07-28,Belarus,115,177,5,67366,60669,543
2020-07-29,Belarus,152,773,5,67518,61442,548
2020-07-30,Belarus,147,323,5,67665,61765,553
2020-07-31,Belarus,143,679,6,67808,62444,559
2020-08-01,Belarus,138,242,4,67946,62686,563
2020-08-02,Belarus,121,210,4,68067,62896,567
2020-08-03,Belarus,99,47,4,68166,62943,571
2020-08-04,Belarus,84,220,3,68250,63163,574
2020-08-05,Belarus,126,262,3,68376,63425,577
2020-08-06,Belarus,127,331,3,68503,63756,580
2020-08-07,Belarus,111,444,3,68614,64200,583
2020-08-08,Belarus,124,544,2,68738,64744,585
2020-08-09,Belarus,112,191,2,68850,64935,587
2020-08-10,Belarus,97,56,2,68947,64991,589
2020-08-11,Belarus,58,228,3,69005,65219,592
