Date,Country,Confirmed,Recovered,Deceased,Total_Confirmed,Total_Recovered,Total_Deceased
2020-01-23,Kuwait,0,0,0,0,0,0
2020-01-24,Kuwait,0,0,0,0,0,0
2020-01-25,Kuwait,0,0,0,0,0,0
2020-01-26,Kuwait,0,0,0,0,0,0
2020-01-27,Kuwait,0,0,0,0,0,0
2020-01-28,Kuwait,0,0,0,0,0,0
2020-01-29,Kuwait,0,0,0,0,0,0
2020-01-30,Kuwait,0,0,0,0,0,0
2020-01-31,Kuwait,0,0,0,0,0,0
2020-02-01,Kuwait,0,0,0,0,0,0
2020-02-02,Kuwait,0,0,0,0,0,0
2020-02-03,Kuwait,0,0,0,0,0,0
2020-02-04,Kuwait,0,0,0,0,0,0
2020-02-05,Kuwait,0,0,0,0,0,0
2020-02-06,Kuwait,0,0,0,0,0,0
2020-02-07,Kuwait,0,0,0,0,0,0
2020-02-08,Kuwait,0,0,0,0,0,0
2020-02-09,Kuwait,0,0,0,0,0,0
2020-02-10,Kuwait,0,0,0,0,0,0
2020-02-11,Kuwait,0,0,0,0,0,0
2020-02-12,Kuwait,0,0,0,0,0,0
2020-02-13,Kuwait,0,0,0,0,0,0
2020-02-14,Kuwait,0,0,0,0,0,0
2020-02-15,Kuwait,0,0,0,0,0,0
2020-02-16,Kuwait,0,0,0,0,0,0
2020-02-17,Kuwait,0,0,0,0,0,0
2020-02-18,Kuwait,0,0,0,0,0,0
2020-02-19,Kuwait,0,0,0,0,0,0
2020-02-20,Kuwait,0,0,0,0,0,0
2020-02-21,Kuwait,0,0,0,0,0,0
2020-02-22,Kuwait,0,0,0,0,0,0
2020-02-23,Kuwait,0,0,0,0,0,0
2020-02-24,Kuwait,1,0,0,1,0,0
2020-02-25,Kuwait,10,0,0,11,0,0
2020-02-26,Kuwait,15,0,0,26,0,0
2020-02-27,Kuwait,17,0,0,43,0,0
2020-02-28,Kuwait,2,0,0,45,0,0
2020-02-29,Kuwait,0,0,0,45,0,0
2020-03-01,Kuwait,0,0,0,45,0,0
2020-03-02,Kuwait,11,0,0,56,0,0
2020-03-03,Kuwait,0,0,0,56,0,0
2020-03-04,Kuwait,0,0,0,56,0,0
2020-03-05,Kuwait,2,0,0,58,0,0
2020-03-06,Kuwait,0,0,0,58,0,0
2020-03-07,Kuwait,3,0,0,61,0,0
2020-03-08,Kuwait,3,1,0,64,1,0
2020-03-09,Kuwait,0,0,0,64,1,0
2020-03-10,Kuwait,5,0,0,69,1,0
2020-03-11,Kuwait,3,1,0,72,2,0
2020-03-12,Kuwait,8,3,0,80,5,0
2020-03-13,Kuwait,0,0,0,80,5,0
2020-03-14,Kuwait,24,0,0,104,5,0
2020-03-15,Kuwait,8,0,0,112,5,0
2020-03-16,Kuwait,11,4,0,123,9,0
2020-03-17,Kuwait,7,0,0,130,9,0
2020-03-18,Kuwait,12,6,0,142,15,0
2020-03-19,Kuwait,6,3,0,148,18,0
2020-03-20,Kuwait,11,0,0,159,18,0
2020-03-21,Kuwait,17,9,0,176,27,0
2020-03-22,Kuwait,12,0,0,188,27,0
2020-03-23,Kuwait,1,0,0,189,27,0
2020-03-24,Kuwait,2,12,0,191,39,0
2020-03-25,Kuwait,4,4,0,195,43,0
2020-03-26,Kuwait,13,6,0,208,49,0
2020-03-27,Kuwait,17,8,0,225,57,0
2020-03-28,Kuwait,10,7,0,235,64,0
2020-03-29,Kuwait,20,3,0,255,67,0
2020-03-30,Kuwait,11,5,0,266,72,0
2020-03-31,Kuwait,23,1,0,289,73,0
2020-04-01,Kuwait,28,7,0,317,80,0
2020-04-02,Kuwait,25,1,0,342,81,0
2020-04-03,Kuwait,75,1,0,417,82,0
2020-04-04,Kuwait,62,11,1,479,93,1
2020-04-05,Kuwait,77,6,0,556,99,1
2020-04-06,Kuwait,109,4,0,665,103,1
2020-04-07,Kuwait,78,2,0,743,105,1
2020-04-08,Kuwait,112,6,0,855,111,1
2020-04-09,Kuwait,55,0,0,910,111,1
2020-04-10,Kuwait,83,12,0,993,123,1
2020-04-11,Kuwait,161,10,0,1154,133,1
2020-04-12,Kuwait,80,9,0,1234,142,1
2020-04-13,Kuwait,66,8,1,1300,150,2
2020-04-14,Kuwait,55,26,1,1355,176,3
2020-04-15,Kuwait,50,30,0,1405,206,3
2020-04-16,Kuwait,119,19,0,1524,225,3
2020-04-17,Kuwait,134,33,2,1658,258,5
2020-04-18,Kuwait,93,22,1,1751,280,6
2020-04-19,Kuwait,164,25,1,1915,305,7
2020-04-20,Kuwait,80,62,2,1995,367,9
2020-04-21,Kuwait,85,45,2,2080,412,11
2020-04-22,Kuwait,168,31,2,2248,443,13
2020-04-23,Kuwait,151,55,1,2399,498,14
2020-04-24,Kuwait,215,115,1,2614,613,15
2020-04-25,Kuwait,278,43,4,2892,656,19
2020-04-26,Kuwait,183,150,1,3075,806,20
2020-04-27,Kuwait,213,206,2,3288,1012,22
2020-04-28,Kuwait,152,164,1,3440,1176,23
2020-04-29,Kuwait,300,213,1,3740,1389,24
2020-04-30,Kuwait,284,150,2,4024,1539,26
2020-05-01,Kuwait,353,63,4,4377,1602,30
2020-05-02,Kuwait,242,101,3,4619,1703,33
2020-05-03,Kuwait,364,73,5,4983,1776,38
2020-05-04,Kuwait,295,171,2,5278,1947,40
2020-05-05,Kuwait,526,85,0,5804,2032,40
2020-05-06,Kuwait,485,187,2,6289,2219,42
2020-05-07,Kuwait,278,162,2,6567,2381,44
2020-05-08,Kuwait,641,85,3,7208,2466,47
2020-05-09,Kuwait,415,156,2,7623,2622,49
2020-05-10,Kuwait,1065,107,9,8688,2729,58
2020-05-11,Kuwait,598,178,7,9286,2907,65
2020-05-12,Kuwait,991,194,10,10277,3101,75
2020-05-13,Kuwait,751,162,7,11028,3263,82
2020-05-14,Kuwait,947,188,6,11975,3451,88
2020-05-15,Kuwait,885,189,8,12860,3640,96
2020-05-16,Kuwait,942,203,11,13802,3843,107
2020-05-17,Kuwait,1048,250,5,14850,4093,112
2020-05-18,Kuwait,841,246,6,15691,4339,118
2020-05-19,Kuwait,1073,342,3,16764,4681,121
2020-05-20,Kuwait,804,204,3,17568,4885,124
2020-05-21,Kuwait,1041,320,5,18609,5205,129
2020-05-22,Kuwait,955,310,9,19564,5515,138
2020-05-23,Kuwait,900,232,10,20464,5747,148
2020-05-24,Kuwait,838,370,8,21302,6117,156
2020-05-25,Kuwait,665,504,9,21967,6621,165
2020-05-26,Kuwait,608,685,7,22575,7306,172
2020-05-27,Kuwait,692,640,3,23267,7946,175
2020-05-28,Kuwait,845,752,10,24112,8698,185
2020-05-29,Kuwait,1072,575,9,25184,9273,194
2020-05-30,Kuwait,1008,883,11,26192,10156,205
2020-05-31,Kuwait,851,1230,7,27043,11386,212
2020-06-01,Kuwait,719,1513,8,27762,12899,220
2020-06-02,Kuwait,887,1382,6,28649,14281,226
2020-06-03,Kuwait,710,1469,4,29359,15750,230
2020-06-04,Kuwait,562,1473,6,29921,17223,236
2020-06-05,Kuwait,723,1054,8,30644,18277,244
2020-06-06,Kuwait,487,1005,10,31131,19282,254
2020-06-07,Kuwait,717,923,10,31848,20205,264
2020-06-08,Kuwait,662,1037,5,32510,21242,269
2020-06-09,Kuwait,630,920,4,33140,22162,273
2020-06-10,Kuwait,683,1126,2,33823,23288,275
2020-06-11,Kuwait,609,849,4,34432,24137,279
2020-06-12,Kuwait,520,911,6,34952,25048,285
2020-06-13,Kuwait,514,834,4,35466,25882,289
2020-06-14,Kuwait,454,877,7,35920,26759,296
2020-06-15,Kuwait,511,772,2,36431,27531,298
2020-06-16,Kuwait,527,675,5,36958,28206,303
2020-06-17,Kuwait,575,690,3,37533,28896,306
2020-06-18,Kuwait,541,616,2,38074,29512,308
2020-06-19,Kuwait,604,678,5,38678,30190,313
2020-06-20,Kuwait,467,536,6,39145,30726,319
2020-06-21,Kuwait,505,514,7,39650,31240,326
2020-06-22,Kuwait,641,530,4,40291,31770,330
2020-06-23,Kuwait,742,534,4,41033,32304,334
2020-06-24,Kuwait,846,505,3,41879,32809,337
2020-06-25,Kuwait,909,558,2,42788,33367,339
2020-06-26,Kuwait,915,602,2,43703,33969,341
2020-06-27,Kuwait,688,617,3,44391,34586,344
2020-06-28,Kuwait,551,908,4,44942,35494,348
2020-06-29,Kuwait,582,819,2,45524,36313,350
2020-06-30,Kuwait,671,717,4,46195,37030,354
2020-07-01,Kuwait,745,685,4,46940,37715,358
2020-07-02,Kuwait,919,675,1,47859,38390,359
2020-07-03,Kuwait,813,886,1,48672,39276,360
2020-07-04,Kuwait,631,667,5,49303,39943,365
2020-07-05,Kuwait,638,520,3,49941,40463,368
2020-07-06,Kuwait,703,538,5,50644,41001,373
2020-07-07,Kuwait,601,514,4,51245,41515,377
2020-07-08,Kuwait,762,593,2,52007,42108,379
2020-07-09,Kuwait,833,578,3,52840,42686,382
2020-07-10,Kuwait,740,528,1,53580,43214,383
2020-07-11,Kuwait,478,747,3,54058,43961,386
2020-07-12,Kuwait,836,649,4,54894,44610,390
2020-07-13,Kuwait,614,746,3,55508,45356,393
2020-07-14,Kuwait,666,805,3,56174,46161,396
2020-07-15,Kuwait,703,736,3,56877,46897,399
2020-07-16,Kuwait,791,648,3,57668,47545,402
2020-07-17,Kuwait,553,836,2,58221,48381,404
2020-07-18,Kuwait,683,639,3,58904,49020,407
2020-07-19,Kuwait,300,667,1,59204,49687,408
2020-07-20,Kuwait,559,652,0,59763,50339,408
2020-07-21,Kuwait,671,580,4,60434,50919,412
2020-07-22,Kuwait,751,601,5,61185,51520,417
2020-07-23,Kuwait,687,727,4,61872,52247,421
2020-07-24,Kuwait,753,668,4,62625,52915,425
2020-07-25,Kuwait,684,692,4,63309,53607,429
2020-07-26,Kuwait,464,766,4,63773,54373,433
2020-07-27,Kuwait,606,684,5,64379,55057,438
2020-07-28,Kuwait,770,624,4,65149,55681,442
2020-07-29,Kuwait,754,786,2,65903,56467,444
2020-07-30,Kuwait,626,863,1,66529,57330,445
2020-07-31,Kuwait,428,602,2,66957,57932,447
2020-08-01,Kuwait,491,593,6,67448,58525,453
2020-08-02,Kuwait,463,688,4,67911,59213,457
2020-08-03,Kuwait,388,526,4,68299,59739,461
2020-08-04,Kuwait,475,587,4,68774,60326,465
2020-08-05,Kuwait,651,580,3,69425,60906,468
2020-08-06,Kuwait,620,704,1,70045,61610,469
2020-08-07,Kuwait,682,720,2,70727,62330,471
2020-08-08,Kuwait,472,476,3,71199,62806,474
2020-08-09,Kuwait,514,713,4,71713,63519,478
2020-08-10,Kuwait,687,509,4,72400,64028,482
2020-08-11,Kuwait,668,731,4,73068,64759,486
