Date,Country,Confirmed,Recovered,Deceased,Total_Confirmed,Total_Recovered,Total_Deceased
2020-01-23,Morocco,0,0,0,0,0,0
2020-01-24,Morocco,0,0,0,0,0,0
2020-01-25,Morocco,0,0,0,0,0,0
2020-01-26,Morocco,0,0,0,0,0,0
2020-01-27,Morocco,0,0,0,0,0,0
2020-01-28,Morocco,0,0,0,0,0,0
2020-01-29,Morocco,0,0,0,0,0,0
2020-01-30,Morocco,0,0,0,0,0,0
2020-01-31,Morocco,0,0,0,0,0,0
2020-02-01,Morocco,0,0,0,0,0,0
2020-02-02,Morocco,0,0,0,0,0,0
2020-02-03,Morocco,0,0,0,0,0,0
2020-02-04,Morocco,0,0,0,0,0,0
2020-02-05,Morocco,0,0,0,0,0,0
2020-02-06,Morocco,0,0,0,0,0,0
2020-02-07,Morocco,0,0,0,0,0,0
2020-02-08,Morocco,0,0,0,0,0,0
2020-02-09,Morocco,0,0,0,0,0,0
2020-02-10,Morocco,0,0,0,0,0,0
2020-02-11,Morocco,0,0,0,0,0,0
2020-02-12,Morocco,0,0,0,0,0,0
2020-02-13,Morocco,0,0,0,0,0,0
2020-02-14,Morocco,0,0,0,0,0,0
2020-02-15,Morocco,0,0,0,0,0,0
2020-02-16,Morocco,0,0,0,0,0,0
2020-02-17,Morocco,0,0,0,0,0,0
2020-02-18,Morocco,0,0,0,0,0,0
2020-02-19,Morocco,0,0,0,0,0,0
2020-02-20,Morocco,0,0,0,0,0,0
2020-02-21,Morocco,0,0,0,0,0,0
2020-02-22,Morocco,0,0,0,0,0,0
2020-02-23,Morocco,0,0,0,0,0,0
2020-02-24,Morocco,0,0,0,0,0,0
2020-02-25,Morocco,0,0,0,0,0,0
2020-02-26,Morocco,0,0,0,0,0,0
2020-02-27,Morocco,0,0,0,0,0,0
2020-02-28,Morocco,0,0,0,0,0,0
2020-02-29,Morocco,0,0,0,0,0,0
2020-03-01,Morocco,0,0,0,0,0,0
2020-03-02,Morocco,1,0,0,1,0,0
2020-03-03,Morocco,0,0,0,1,0,0
2020-03-04,Morocco,0,0,0,1,0,0
2020-03-05,Morocco,1,0,0,2,0,0
2020-03-06,Morocco,0,0,0,2,0,0
2020-03-07,Morocco,0,0,0,2,0,0
2020-03-08,Morocco,0,0,0,2,0,0
2020-03-09,Morocco,0,0,0,2,0,0
2020-03-10,Morocco,1,0,1,3,0,1
2020-03-11,Morocco,2,0,0,5,0,1
2020-03-12,Morocco,1,0,0,6,0,1
2020-03-13,Morocco,1,1,0,7,1,1
2020-03-14,Morocco,10,0,0,17,1,1
2020-03-15,Morocco,11,0,0,28,1,1
2020-03-16,Morocco,1,0,0,29,1,1
2020-03-17,Morocco,9,0,1,38,1,2
2020-03-18,Morocco,11,0,0,49,1,2
2020-03-19,Morocco,14,0,0,63,1,2
2020-03-20,Morocco,14,0,1,77,1,3
2020-03-21,Morocco,19,2,0,96,3,3
2020-03-22,Morocco,19,0,1,115,3,4
2020-03-23,Morocco,28,0,0,143,3,4
2020-03-24,Morocco,27,3,1,170,6,5
2020-03-25,Morocco,55,1,1,225,7,6
2020-03-26,Morocco,50,1,5,275,8,11
2020-03-27,Morocco,70,3,12,345,11,23
2020-03-28,Morocco,57,0,2,402,11,25
2020-03-29,Morocco,77,2,1,479,13,26
2020-03-30,Morocco,77,2,7,556,15,33
2020-03-31,Morocco,61,9,3,617,24,36
2020-04-01,Morocco,37,5,3,654,29,39
2020-04-02,Morocco,54,2,5,708,31,44
2020-04-03,Morocco,83,26,4,791,57,48
2020-04-04,Morocco,128,9,11,919,66,59
2020-04-05,Morocco,102,10,11,1021,76,70
2020-04-06,Morocco,99,5,10,1120,81,80
2020-04-07,Morocco,64,12,10,1184,93,90
2020-04-08,Morocco,91,4,3,1275,97,93
2020-04-09,Morocco,99,12,4,1374,109,97
2020-04-10,Morocco,74,13,10,1448,122,107
2020-04-11,Morocco,97,24,4,1545,146,111
2020-04-12,Morocco,116,31,7,1661,177,118
2020-04-13,Morocco,102,26,8,1763,203,126
2020-04-14,Morocco,125,14,0,1888,217,126
2020-04-15,Morocco,136,12,1,2024,229,127
2020-04-16,Morocco,259,20,3,2283,249,130
2020-04-17,Morocco,281,32,5,2564,281,135
2020-04-18,Morocco,121,33,2,2685,314,137
2020-04-19,Morocco,170,13,4,2855,327,141
2020-04-20,Morocco,191,23,2,3046,350,143
2020-04-21,Morocco,163,43,2,3209,393,145
2020-04-22,Morocco,237,24,4,3446,417,149
2020-04-23,Morocco,122,39,6,3568,456,155
2020-04-24,Morocco,190,30,3,3758,486,158
2020-04-25,Morocco,139,51,1,3897,537,159
2020-04-26,Morocco,168,56,2,4065,593,161
2020-04-27,Morocco,55,102,1,4120,695,162
2020-04-28,Morocco,132,83,3,4252,778,165
2020-04-29,Morocco,69,150,3,4321,928,168
2020-04-30,Morocco,102,56,2,4423,984,170
2020-05-01,Morocco,146,99,1,4569,1083,171
2020-05-02,Morocco,160,173,2,4729,1256,173
2020-05-03,Morocco,174,182,1,4903,1438,174
2020-05-04,Morocco,150,215,5,5053,1653,179
2020-05-05,Morocco,166,185,2,5219,1838,181
2020-05-06,Morocco,189,179,2,5408,2017,183
2020-05-07,Morocco,140,162,0,5548,2179,183
2020-05-08,Morocco,163,145,3,5711,2324,186
2020-05-09,Morocco,199,137,0,5910,2461,186
2020-05-10,Morocco,153,93,2,6063,2554,188
2020-05-11,Morocco,218,257,0,6281,2811,188
2020-05-12,Morocco,137,180,0,6418,2991,188
2020-05-13,Morocco,94,140,0,6512,3131,188
2020-05-14,Morocco,95,179,2,6607,3310,190
2020-05-15,Morocco,45,90,0,6652,3400,190
2020-05-16,Morocco,89,87,2,6741,3487,192
2020-05-17,Morocco,129,173,0,6870,3660,192
2020-05-18,Morocco,82,98,0,6952,3758,192
2020-05-19,Morocco,71,143,1,7023,3901,193
2020-05-20,Morocco,110,197,1,7133,4098,194
2020-05-21,Morocco,78,182,2,7211,4280,196
2020-05-22,Morocco,121,97,1,7332,4377,197
2020-05-23,Morocco,74,261,1,7406,4638,198
2020-05-24,Morocco,27,65,1,7433,4703,199
2020-05-25,Morocco,99,71,1,7532,4774,200
2020-05-26,Morocco,45,107,2,7577,4881,202
2020-05-27,Morocco,24,97,0,7601,4978,202
2020-05-28,Morocco,42,217,0,7643,5195,202
2020-05-29,Morocco,71,76,0,7714,5271,202
2020-05-30,Morocco,66,130,2,7780,5401,204
2020-05-31,Morocco,27,58,1,7807,5459,205
2020-06-01,Morocco,26,434,0,7833,5893,205
2020-06-02,Morocco,33,517,1,7866,6410,206
2020-06-03,Morocco,56,456,0,7922,6866,206
2020-06-04,Morocco,81,329,2,8003,7195,208
2020-06-05,Morocco,68,73,0,8071,7268,208
2020-06-06,Morocco,80,47,0,8151,7315,208
2020-06-07,Morocco,73,49,0,8224,7364,208
2020-06-08,Morocco,78,44,0,8302,7408,208
2020-06-09,Morocco,135,85,2,8437,7493,210
2020-06-10,Morocco,71,72,1,8508,7565,211
2020-06-11,Morocco,29,18,0,8537,7583,211
2020-06-12,Morocco,73,35,1,8610,7618,212
2020-06-13,Morocco,82,78,0,8692,7696,212
2020-06-14,Morocco,101,69,0,8793,7765,212
2020-06-15,Morocco,92,63,0,8885,7828,212
2020-06-16,Morocco,46,109,0,8931,7937,212
2020-06-17,Morocco,66,56,1,8997,7993,213
2020-06-18,Morocco,77,48,0,9074,8041,213
2020-06-19,Morocco,539,76,0,9613,8117,213
2020-06-20,Morocco,226,106,0,9839,8223,213
2020-06-21,Morocco,138,61,1,9977,8284,214
2020-06-22,Morocco,195,82,0,10172,8366,214
2020-06-23,Morocco,172,41,0,10344,8407,214
2020-06-24,Morocco,563,61,2,10907,8468,216
2020-06-25,Morocco,431,32,1,11338,8500,217
2020-06-26,Morocco,295,156,1,11633,8656,218
2020-06-27,Morocco,244,67,2,11877,8723,220
2020-06-28,Morocco,175,17,1,12052,8740,221
2020-06-29,Morocco,238,93,4,12290,8833,225
2020-06-30,Morocco,243,87,3,12533,8920,228
2020-07-01,Morocco,103,106,0,12636,9026,228
2020-07-02,Morocco,333,64,1,12969,9090,229
2020-07-03,Morocco,319,70,1,13288,9160,230
2020-07-04,Morocco,534,169,2,13822,9329,232
2020-07-05,Morocco,393,396,3,14215,9725,235
2020-07-06,Morocco,164,448,2,14379,10173,237
2020-07-07,Morocco,228,466,3,14607,10639,240
2020-07-08,Morocco,164,677,2,14771,11316,242
2020-07-09,Morocco,308,131,0,15079,11447,242
2020-07-10,Morocco,249,380,1,15328,11827,243
2020-07-11,Morocco,214,238,2,15542,12065,245
2020-07-12,Morocco,203,218,5,15745,12283,250
2020-07-13,Morocco,191,651,5,15936,12934,255
2020-07-14,Morocco,161,508,2,16097,13442,257
2020-07-15,Morocco,165,379,2,16262,13821,259
2020-07-16,Morocco,283,144,4,16545,13965,263
2020-07-17,Morocco,181,395,1,16726,14360,264
2020-07-18,Morocco,289,260,5,17015,14620,269
2020-07-19,Morocco,221,301,4,17236,14921,273
2020-07-20,Morocco,326,211,3,17562,15132,276
2020-07-21,Morocco,180,257,4,17742,15389,280
2020-07-22,Morocco,220,247,5,17962,15636,285
2020-07-23,Morocco,302,236,7,18264,15872,292
2020-07-24,Morocco,570,228,7,18834,16100,299
2020-07-25,Morocco,811,182,6,19645,16282,305
2020-07-26,Morocco,633,156,8,20278,16438,313
2020-07-27,Morocco,609,115,3,20887,16553,316
2020-07-28,Morocco,500,513,11,21387,17066,327
2020-07-29,Morocco,826,59,7,22213,17125,334
2020-07-30,Morocco,1046,186,12,23259,17311,346
2020-07-31,Morocco,1063,347,7,24322,17658,353
2020-08-01,Morocco,693,302,14,25015,17960,367
2020-08-02,Morocco,522,475,15,25537,18435,382
2020-08-03,Morocco,659,533,19,26196,18968,401
2020-08-04,Morocco,1021,661,16,27217,19629,417
2020-08-05,Morocco,1283,365,18,28500,19994,435
2020-08-06,Morocco,1144,559,14,29644,20553,449
2020-08-07,Morocco,1018,995,12,30662,21548,461
2020-08-08,Morocco,1345,642,19,32007,22190,480
2020-08-09,Morocco,1230,1157,18,33237,23347,498
2020-08-10,Morocco,826,1177,18,34063,24524,516
2020-08-11,Morocco,1132,861,17,35195,25385,533
