Date,Country,Confirmed,Recovered,Deceased,Total_Confirmed,Total_Recovered,Total_Deceased
2020-01-23,Portugal,0,0,0,0,0,0
2020-01-24,Portugal,0,0,0,0,0,0
2020-01-25,Portugal,0,0,0,0,0,0
2020-01-26,Portugal,0,0,0,0,0,0
2020-01-27,Portugal,0,0,0,0,0,0
2020-01-28,Portugal,0,0,0,0,0,0
2020-01-29,Portugal,0,0,0,0,0,0
2020-01-30,Portugal,0,0,0,0,0,0
2020-01-31,Portugal,0,0,0,0,0,0
2020-02-01,Portugal,0,0,0,0,0,0
2020-02-02,Portugal,0,0,0,0,0,0
2020-02-03,Portugal,0,0,0,0,0,0
2020-02-04,Portugal,0,0,0,0,0,0
2020-02-05,Portugal,0,0,0,0,0,0
2020-02-06,Portugal,0,0,0,0,0,0
2020-02-07,Portugal,0,0,0,0,0,0
2020-02-08,Portugal,0,0,0,0,0,0
2020-02-09,Portugal,0,0,0,0,0,0
2020-02-10,Portugal,0,0,0,0,0,0
2020-02-11,Portugal,0,0,0,0,0,0
2020-02-12,Portugal,0,0,0,0,0,0
2020-02-13,Portugal,0,0,0,0,0,0
2020-02-14,Portugal,0,0,0,0,0,0
2020-02-15,Portugal,0,0,0,0,0,0
2020-02-16,Portugal,0,0,0,0,0,0
2020-02-17,Portugal,0,0,0,0,0,0
2020-02-18,Portugal,0,0,0,0,0,0
2020-02-19,Portugal,0,0,0,0,0,0
2020-02-20,Portugal,0,0,0,0,0,0
2020-02-21,Portugal,0,0,0,0,0,0
2020-02-22,Portugal,0,0,0,0,0,0
2020-02-23,Portugal,0,0,0,0,0,0
2020-02-24,Portugal,0,0,0,0,0,0
2020-02-25,Portugal,0,0,0,0,0,0
2020-02-26,Portugal,0,0,0,0,0,0
2020-02-27,Portugal,0,0,0,0,0,0
2020-02-28,Portugal,0,0,0,0,0,0
2020-02-29,Portugal,0,0,0,0,0,0
2020-03-01,Portugal,0,0,0,0,0,0
2020-03-02,Portugal,2,0,0,2,0,0
2020-03-03,Portugal,0,0,0,2,0,0
2020-03-04,Portugal,3,0,0,5,0,0
2020-03-05,Portugal,3,0,0,8,0,0
2020-03-06,Portugal,5,0,0,13,0,0
2020-03-07,Portugal,7,0,0,20,0,0
2020-03-08,Portugal,10,0,0,30,0,0
2020-03-09,Portugal,0,0,0,30,0,0
2020-03-10,Portugal,11,0,0,41,0,0
2020-03-11,Portugal,18,0,0,59,0,0
2020-03-12,Portugal,0,0,0,59,0,0
2020-03-13,Portugal,53,1,0,112,1,0
2020-03-14,Portugal,57,1,0,169,2,0
2020-03-15,Portugal,76,0,0,245,2,0
2020-03-16,Portugal,86,1,0,331,3,0
2020-03-17,Portugal,117,0,1,448,3,1
2020-03-18,Portugal,0,0,1,448,3,2
2020-03-19,Portugal,337,0,1,785,3,3
2020-03-20,Portugal,235,2,3,1020,5,6
2020-03-21,Portugal,260,0,6,1280,5,12
2020-03-22,Portugal,320,0,2,1600,5,14
2020-03-23,Portugal,460,0,9,2060,5,23
2020-03-24,Portugal,302,17,10,2362,22,33
2020-03-25,Portugal,633,0,10,2995,22,43
2020-03-26,Portugal,549,21,17,3544,43,60
2020-03-27,Portugal,724,0,16,4268,43,76
2020-03-28,Portugal,902,0,24,5170,43,100
2020-03-29,Portugal,792,0,19,5962,43,119
2020-03-30,Portugal,446,0,21,6408,43,140
2020-03-31,Portugal,1035,0,20,7443,43,160
2020-04-01,Portugal,808,0,27,8251,43,187
2020-04-02,Portugal,783,25,22,9034,68,209
2020-04-03,Portugal,852,0,37,9886,68,246
2020-04-04,Portugal,638,7,20,10524,75,266
2020-04-05,Portugal,754,0,29,11278,75,295
2020-04-06,Portugal,452,65,16,11730,140,311
2020-04-07,Portugal,712,44,34,12442,184,345
2020-04-08,Portugal,699,12,35,13141,196,380
2020-04-09,Portugal,815,9,29,13956,205,409
2020-04-10,Portugal,1516,28,26,15472,233,435
2020-04-11,Portugal,515,33,35,15987,266,470
2020-04-12,Portugal,598,11,34,16585,277,504
2020-04-13,Portugal,349,0,31,16934,277,535
2020-04-14,Portugal,514,70,32,17448,347,567
2020-04-15,Portugal,643,36,32,18091,383,599
2020-04-16,Portugal,750,110,30,18841,493,629
2020-04-17,Portugal,181,26,28,19022,519,657
2020-04-18,Portugal,663,91,30,19685,610,687
2020-04-19,Portugal,521,0,27,20206,610,714
2020-04-20,Portugal,657,0,21,20863,610,735
2020-04-21,Portugal,516,307,27,21379,917,762
2020-04-22,Portugal,603,226,23,21982,1143,785
2020-04-23,Portugal,371,58,35,22353,1201,820
2020-04-24,Portugal,444,27,34,22797,1228,854
2020-04-25,Portugal,595,49,26,23392,1277,880
2020-04-26,Portugal,472,52,23,23864,1329,903
2020-04-27,Portugal,163,28,25,24027,1357,928
2020-04-28,Portugal,295,32,20,24322,1389,948
2020-04-29,Portugal,183,81,25,24505,1470,973
2020-04-30,Portugal,540,49,16,25045,1519,989
2020-05-01,Portugal,306,128,18,25351,1647,1007
2020-05-02,Portugal,-161,24,16,25190,1671,1023
2020-05-03,Portugal,92,18,20,25282,1689,1043
2020-05-04,Portugal,242,23,20,25524,1712,1063
2020-05-05,Portugal,178,31,11,25702,1743,1074
2020-05-06,Portugal,480,333,15,26182,2076,1089
2020-05-07,Portugal,533,182,16,26715,2258,1105
2020-05-08,Portugal,553,164,9,27268,2422,1114
2020-05-09,Portugal,138,77,12,27406,2499,1126
2020-05-10,Portugal,175,50,9,27581,2549,1135
2020-05-11,Portugal,98,0,9,27679,2549,1144
2020-05-12,Portugal,234,464,19,27913,3013,1163
2020-05-13,Portugal,219,169,12,28132,3182,1175
2020-05-14,Portugal,187,16,9,28319,3198,1184
2020-05-15,Portugal,264,130,6,28583,3328,1190
2020-05-16,Portugal,227,494,13,28810,3822,1203
2020-05-17,Portugal,226,814,15,29036,4636,1218
2020-05-18,Portugal,173,1794,13,29209,6430,1231
2020-05-19,Portugal,223,1,16,29432,6431,1247
2020-05-20,Portugal,228,21,16,29660,6452,1263
2020-05-21,Portugal,252,0,14,29912,6452,1277
2020-05-22,Portugal,288,1138,12,30200,7590,1289
2020-05-23,Portugal,271,115,13,30471,7705,1302
2020-05-24,Portugal,152,9844,14,30623,17549,1316
2020-05-25,Portugal,165,273,14,30788,17822,1330
2020-05-26,Portugal,219,274,12,31007,18096,1342
2020-05-27,Portugal,285,253,14,31292,18349,1356
2020-05-28,Portugal,304,288,13,31596,18637,1369
2020-05-29,Portugal,350,274,14,31946,18911,1383
2020-05-30,Portugal,257,275,13,32203,19186,1396
2020-05-31,Portugal,297,223,14,32500,19409,1410
2020-06-01,Portugal,200,143,14,32700,19552,1424
2020-06-02,Portugal,195,317,12,32895,19869,1436
2020-06-03,Portugal,366,210,11,33261,20079,1447
2020-06-04,Portugal,331,244,8,33592,20323,1455
2020-06-05,Portugal,377,203,10,33969,20526,1465
2020-06-06,Portugal,382,281,9,34351,20807,1474
2020-06-07,Portugal,342,188,5,34693,20995,1479
2020-06-08,Portugal,192,161,6,34885,21156,1485
2020-06-09,Portugal,421,183,7,35306,21339,1492
2020-06-10,Portugal,294,403,5,35600,21742,1497
2020-06-11,Portugal,310,260,7,35910,22002,1504
2020-06-12,Portugal,270,198,1,36180,22200,1505
2020-06-13,Portugal,283,238,7,36463,22438,1512
2020-06-14,Portugal,227,231,5,36690,22669,1517
2020-06-15,Portugal,346,183,3,37036,22852,1520
2020-06-16,Portugal,300,360,2,37336,23212,1522
2020-06-17,Portugal,336,368,1,37672,23580,1523
2020-06-18,Portugal,417,430,1,38089,24010,1524
2020-06-19,Portugal,375,467,3,38464,24477,1527
2020-06-20,Portugal,377,429,1,38841,24906,1528
2020-06-21,Portugal,292,470,2,39133,25376,1530
2020-06-22,Portugal,259,172,4,39392,25548,1534
2020-06-23,Portugal,345,281,6,39737,25829,1540
2020-06-24,Portugal,367,254,3,40104,26083,1543
2020-06-25,Portugal,311,299,6,40415,26382,1549
2020-06-26,Portugal,451,251,6,40866,26633,1555
2020-06-27,Portugal,323,231,6,41189,26864,1561
2020-06-28,Portugal,457,202,3,41646,27066,1564
2020-06-29,Portugal,266,139,4,41912,27205,1568
2020-06-30,Portugal,229,300,8,42141,27505,1576
2020-07-01,Portugal,313,293,3,42454,27798,1579
2020-07-02,Portugal,328,299,8,42782,28097,1587
2020-07-03,Portugal,374,327,11,43156,28424,1598
2020-07-04,Portugal,413,348,7,43569,28772,1605
2020-07-05,Portugal,328,245,9,43897,29017,1614
2020-07-06,Portugal,232,149,6,44129,29166,1620
2020-07-07,Portugal,287,279,9,44416,29445,1629
2020-07-08,Portugal,443,269,2,44859,29714,1631
2020-07-09,Portugal,418,335,13,45277,30049,1644
2020-07-10,Portugal,402,301,2,45679,30350,1646
2020-07-11,Portugal,542,305,8,46221,30655,1654
2020-07-12,Portugal,291,252,6,46512,30907,1660
2020-07-13,Portugal,306,158,2,46818,31065,1662
2020-07-14,Portugal,233,485,6,47051,31550,1668
2020-07-15,Portugal,375,560,8,47426,32110,1676
2020-07-16,Portugal,339,366,3,47765,32476,1679
2020-07-17,Portugal,312,314,3,48077,32790,1682
2020-07-18,Portugal,313,363,2,48390,33153,1684
2020-07-19,Portugal,246,216,5,48636,33369,1689
2020-07-20,Portugal,135,178,2,48771,33547,1691
2020-07-21,Portugal,127,222,6,48898,33769,1697
2020-07-22,Portugal,252,230,5,49150,33999,1702
2020-07-23,Portugal,229,370,3,49379,34369,1705
2020-07-24,Portugal,313,318,7,49692,34687,1712
2020-07-25,Portugal,263,323,4,49955,35010,1716
2020-07-26,Portugal,209,207,1,50164,35217,1717
2020-07-27,Portugal,135,158,2,50299,35375,1719
2020-07-28,Portugal,111,251,3,50410,35626,1722
2020-07-29,Portugal,203,249,3,50613,35875,1725
2020-07-30,Portugal,255,265,2,50868,36140,1727
2020-07-31,Portugal,204,343,8,51072,36483,1735
2020-08-01,Portugal,238,300,2,51310,36783,1737
2020-08-02,Portugal,153,201,1,51463,36984,1738
2020-08-03,Portugal,106,127,0,51569,37111,1738
2020-08-04,Portugal,112,207,1,51681,37318,1739
2020-08-05,Portugal,167,247,1,51848,37565,1740
2020-08-06,Portugal,213,275,3,52061,37840,1743
2020-08-07,Portugal,290,247,3,52351,38087,1746
2020-08-08,Portugal,186,277,4,52537,38364,1750
2020-08-09,Portugal,131,147,6,52668,38511,1756
2020-08-10,Portugal,157,89,3,52825,38600,1759
2020-08-11,Portugal,120,160,2,52945,38760,1761
2020-08-12,Portugal,278,180,3,53223,38940,1764
2020-08-13,Portugal,325,237,6,53548,39177,1770
2020-08-14,Portugal,235,197,2,53783,39374,1772
2020-08-15,Portugal,198,211,3,53981,39585,1775
2020-08-16,Portugal,121,112,3,54102,39697,1778
2020-08-17,Portugal,132,103,1,54234,39800,1779
2020-08-18,Portugal,214,136,5,54448,39936,1784
2020-08-19,Portugal,253,193,2,54701,40129,1786
2020-08-20,Portugal,291,135,2,54992,40264,1788
2020-08-21,Portugal,219,209,4,55211,40473,1792
2020-08-22,Portugal,241,179,2,55452,40652,1794
2020-08-23,Portugal,145,122,2,55597,40774,1796
2020-08-24,Portugal,123,106,5,55720,40880,1801
2020-08-25,Portugal,192,141,4,55912,41021,1805
2020-08-26,Portugal,362,163,2,56274,41184,1807
2020-08-27,Portugal,399,173,2,56673,41357,1809
2020-08-28,Portugal,401,199,6,57074,41556,1815
2020-08-29,Portugal,374,210,3,57448,41766,1818
2020-08-30,Portugal,320,119,1,57768,41885,1819
2020-08-31,Portugal,244,76,3,58012,41961,1822
2020-09-01,Portugal,231,143,2,58243,42104,1824
2020-09-02,Portugal,390,129,3,58633,42233,1827
2020-09-03,Portugal,418,194,2,59051,42427,1829
2020-09-04,Portugal,406,149,4,59457,42576,1833
2020-09-05,Portugal,486,217,5,59943,42793,1838
2020-09-06,Portugal,315,160,2,60258,42953,1840
2020-09-07,Portugal,249,63,3,60507,43016,1843
2020-09-08,Portugal,388,130,3,60895,43146,1846
2020-09-09,Portugal,646,138,3,61541,43284,1849
2020-09-10,Portugal,585,157,3,62126,43441,1852
2020-09-11,Portugal,687,203,3,62813,43644,1855
2020-09-12,Portugal,497,250,5,63310,43894,1860
2020-09-13,Portugal,673,175,7,63983,44069,1867
2020-09-14,Portugal,613,116,4,64596,44185,1871
2020-09-15,Portugal,425,177,4,65021,44362,1875
2020-09-16,Portugal,605,166,3,65626,44528,1878
2020-09-17,Portugal,770,266,10,66396,44794,1888
2020-09-18,Portugal,780,259,6,67176,45053,1894
2020-09-19,Portugal,849,351,5,68025,45404,1899
2020-09-20,Portugal,552,192,13,68577,45596,1912
2020-09-21,Portugal,623,140,8,69200,45736,1920
2020-09-22,Portugal,463,238,5,69663,45974,1925
2020-09-23,Portugal,802,316,3,70465,46290,1928
2020-09-24,Portugal,691,386,3,71156,46676,1931
2020-09-25,Portugal,899,327,5,72055,47003,1936
2020-09-26,Portugal,884,377,8,72939,47380,1944
2020-09-27,Portugal,665,267,9,73604,47647,1953
2020-09-28,Portugal,425,237,4,74029,47884,1957
2020-09-29,Portugal,688,309,6,74717,48193,1963
2020-09-30,Portugal,825,337,8,75542,48530,1971
2020-10-01,Portugal,854,407,6,76396,48937,1977
2020-10-02,Portugal,888,422,6,77284,49359,1983
2020-10-03,Portugal,963,486,12,78247,49845,1995
2020-10-04,Portugal,904,362,10,79151,50207,2005
2020-10-05,Portugal,734,247,13,79885,50454,2018
2020-10-06,Portugal,427,258,14,80312,50712,2032
2020-10-07,Portugal,944,325,8,81256,51037,2040
2020-10-08,Portugal,1278,480,10,82534,51517,2050
2020-10-09,Portugal,1394,647,12,83928,52164,2062
2020-10-10,Portugal,1646,639,5,85574,52803,2067
2020-10-11,Portugal,1090,384,13,86664,53187,2080
2020-10-12,Portugal,1249,311,14,87913,53498,2094
2020-10-13,Portugal,1208,549,16,89121,54047,2110
2020-10-14,Portugal,2072,446,7,91193,54493,2117
2020-10-15,Portugal,2101,588,11,93294,55081,2128
2020-10-16,Portugal,2608,985,21,95902,56066,2149
2020-10-17,Portugal,2153,1853,13,98055,57919,2162
2020-10-18,Portugal,1856,1081,19,99911,59000,2181
2020-10-19,Portugal,1949,966,17,101860,59966,2198
2020-10-20,Portugal,1876,1932,15,103736,61898,2213
2020-10-21,Portugal,2535,1340,16,106271,63238,2229
2020-10-22,Portugal,3270,1293,16,109541,64531,2245
2020-10-23,Portugal,2899,1349,31,112440,65880,2276
2020-10-24,Portugal,3669,1962,21,116109,67842,2297
2020-10-25,Portugal,2577,1035,19,118686,68877,2316
2020-10-26,Portugal,2447,1079,27,121133,69956,2343
2020-10-27,Portugal,3299,2388,28,124432,72344,2371
2020-10-28,Portugal,3960,1657,24,128392,74001,2395
2020-10-29,Portugal,4224,1701,33,132616,75702,2428
