Date,Country,Confirmed,Recovered,Deceased,Total_Confirmed,Total_Recovered,Total_Deceased
2020-01-23,Chile,0,0,0,0,0,0
2020-01-24,Chile,0,0,0,0,0,0
2020-01-25,Chile,0,0,0,0,0,0
2020-01-26,Chile,0,0,0,0,0,0
2020-01-27,Chile,0,0,0,0,0,0
2020-01-28,Chile,0,0,0,0,0,0
2020-01-29,Chile,0,0,0,0,0,0
2020-01-30,Chile,0,0,0,0,0,0
2020-01-31,Chile,0,0,0,0,0,0
2020-02-01,Chile,0,0,0,0,0,0
2020-02-02,Chile,0,0,0,0,0,0
2020-02-03,Chile,0,0,0,0,0,0
2020-02-04,Chile,0,0,0,0,0,0
2020-02-05,Chile,0,0,0,0,0,0
2020-02-06,Chile,0,0,0,0,0,0
2020-02-07,Chile,0,0,0,0,0,0
2020-02-08,Chile,0,0,0,0,0,0
2020-02-09,Chile,0,0,0,0,0,0
2020-02-10,Chile,0,0,0,0,0,0
2020-02-11,Chile,0,0,0,0,0,0
2020-02-12,Chile,0,0,0,0,0,0
2020-02-13,Chile,0,0,0,0,0,0
2020-02-14,Chile,0,0,0,0,0,0
2020-02-15,Chile,0,0,0,0,0,0
2020-02-16,Chile,0,0,0,0,0,0
2020-02-17,Chile,0,0,0,0,0,0
2020-02-18,Chile,0,0,0,0,0,0
2020-02-19,Chile,0,0,0,0,0,0
2020-02-20,Chile,0,0,0,0,0,0
2020-02-21,Chile,0,0,0,0,0,0
2020-02-22,Chile,0,0,0,0,0,0
2020-02-23,Chile,2,0,0,2,0,0
2020-02-24,Chile,0,0,0,2,0,0
2020-02-25,Chile,0,0,0,2,0,0
2020-02-26,Chile,0,0,0,2,0,0
2020-02-27,Chile,0,0,0,2,0,0
2020-02-28,Chile,0,0,0,2,0,0
2020-02-29,Chile,0,0,0,2,0,0
2020-03-01,Chile,7,0,0,9,0,0
2020-03-02,Chile,0,0,0,9,0,0
2020-03-03,Chile,1,0,0,10,0,0
2020-03-04,Chile,0,0,0,10,0,0
2020-03-05,Chile,3,0,0,13,0,0
2020-03-06,Chile,0,0,0,13,0,0
2020-03-07,Chile,0,0,0,13,0,0
2020-03-08,Chile,7,0,0,20,0,0
2020-03-09,Chile,0,0,0,20,0,0
2020-03-10,Chile,5,0,0,25,0,0
2020-03-11,Chile,10,0,0,35,0,0
2020-03-12,Chile,0,0,0,35,0,0
2020-03-13,Chile,20,0,0,55,0,0
2020-03-14,Chile,33,0,0,88,0,0
2020-03-15,Chile,13,0,0,101,0,0
2020-03-16,Chile,81,0,0,182,0,0
2020-03-17,Chile,46,0,0,228,0,0
2020-03-18,Chile,37,0,0,265,0,0
2020-03-19,Chile,0,0,0,265,0,0
2020-03-20,Chile,196,6,0,461,6,0
2020-03-21,Chile,131,0,0,592,6,0
2020-03-22,Chile,95,2,1,687,8,1
2020-03-23,Chile,114,0,1,801,8,2
2020-03-24,Chile,176,9,0,977,17,2
2020-03-25,Chile,220,5,1,1197,22,3
2020-03-26,Chile,164,0,1,1361,22,4
2020-03-27,Chile,304,21,1,1665,43,5
2020-03-28,Chile,350,18,1,2015,61,6
2020-03-29,Chile,230,14,1,2245,75,7
2020-03-30,Chile,310,81,1,2555,156,8
2020-03-31,Chile,289,0,4,2844,156,12
2020-04-01,Chile,293,78,4,3137,234,16
2020-04-02,Chile,373,101,2,3510,335,18
2020-04-03,Chile,333,92,4,3843,427,22
2020-04-04,Chile,512,101,5,4355,528,27
2020-04-05,Chile,310,90,7,4665,618,34
2020-04-06,Chile,344,110,3,5009,728,37
2020-04-07,Chile,301,170,6,5310,898,43
2020-04-08,Chile,430,217,5,5740,1115,48
2020-04-09,Chile,426,159,9,6166,1274,57
2020-04-10,Chile,529,297,8,6695,1571,65
2020-04-11,Chile,671,293,8,7366,1864,73
2020-04-12,Chile,286,195,7,7652,2059,80
2020-04-13,Chile,312,308,2,7964,2367,82
2020-04-14,Chile,392,279,10,8356,2646,92
2020-04-15,Chile,356,291,2,8712,2937,94
2020-04-16,Chile,534,362,11,9246,3299,105
2020-04-17,Chile,445,322,11,9691,3621,116
2020-04-18,Chile,907,414,10,10598,4035,126
2020-04-19,Chile,358,303,7,10956,4338,133
2020-04-20,Chile,419,338,6,11375,4676,139
2020-04-21,Chile,325,293,8,11700,4969,147
2020-04-22,Chile,464,417,13,12164,5386,160
2020-04-23,Chile,516,418,8,12680,5804,168
2020-04-24,Chile,494,523,6,13174,6327,174
2020-04-25,Chile,1363,419,7,14537,6746,181
2020-04-26,Chile,473,278,8,15010,7024,189
2020-04-27,Chile,482,303,9,15492,7327,198
2020-04-28,Chile,552,383,9,16044,7710,207
2020-04-29,Chile,520,347,9,16564,8057,216
2020-04-30,Chile,1138,523,11,17702,8580,227
2020-05-01,Chile,985,438,7,18687,9018,234
2020-05-02,Chile,2526,554,13,21213,9572,247
2020-05-03,Chile,1228,469,13,22441,10041,260
2020-05-04,Chile,980,374,10,23421,10415,270
2020-05-05,Chile,1373,295,5,24794,10710,275
2020-05-06,Chile,1032,479,6,25826,11189,281
2020-05-07,Chile,1533,475,4,27359,11664,285
2020-05-08,Chile,1391,496,9,28750,12160,294
2020-05-09,Chile,3458,507,10,32208,12667,304
2020-05-10,Chile,1647,445,8,33855,13112,312
2020-05-11,Chile,1197,493,11,35052,13605,323
2020-05-12,Chile,1658,520,12,36710,14125,335
2020-05-13,Chile,2660,740,11,39370,14865,346
2020-05-14,Chile,2659,790,22,42029,15655,368
2020-05-15,Chile,2502,959,26,44531,16614,394
2020-05-16,Chile,5485,1400,27,50016,18014,421
2020-05-17,Chile,2353,1199,29,52369,19213,450
2020-05-18,Chile,2278,952,28,54647,20165,478
2020-05-19,Chile,3520,1342,31,58167,21507,509
2020-05-20,Chile,4038,997,35,62205,22504,544
2020-05-21,Chile,3964,1488,45,66169,23992,589
2020-05-22,Chile,4276,1350,41,70445,25342,630
2020-05-23,Chile,9842,1204,43,80287,26546,673
2020-05-24,Chile,3709,1602,45,83996,28148,718
2020-05-25,Chile,4895,1154,43,88891,29302,761
2020-05-26,Chile,3964,1613,45,92855,30915,806
2020-05-27,Chile,4328,2625,35,97183,33540,841
2020-05-28,Chile,4654,2575,49,101837,36115,890
2020-05-29,Chile,3695,2483,54,105532,38598,944
2020-05-30,Chile,13188,1833,53,118720,40431,997
2020-05-31,Chile,4830,2296,57,123550,42727,1054
2020-06-01,Chile,5470,2219,59,129020,44946,1113
2020-06-02,Chile,3528,41227,75,132548,86173,1188
2020-06-03,Chile,4942,4575,87,137490,90748,1275
2020-06-04,Chile,4664,4883,81,142154,95631,1356
2020-06-05,Chile,4207,3727,92,146361,99358,1448
2020-06-06,Chile,13990,4459,93,160351,103817,1541
2020-06-07,Chile,6405,4333,96,166756,108150,1637
2020-06-08,Chile,4696,4098,627,171452,112248,2264
2020-06-09,Chile,3913,5113,19,175365,117361,2283
2020-06-10,Chile,5697,4419,192,181062,121780,2475
2020-06-11,Chile,5636,4664,173,186698,126444,2648
2020-06-12,Chile,6754,4914,222,193452,131358,2870
2020-06-13,Chile,8182,5938,231,201634,137296,3101
2020-06-14,Chile,6938,6408,222,208572,143704,3323
2020-06-15,Chile,5143,5088,39,213715,148792,3362
2020-06-16,Chile,5013,7440,21,218728,156232,3383
2020-06-17,Chile,1900,25699,232,220628,181931,3615
2020-06-18,Chile,4475,4510,226,225103,186441,3841
2020-06-19,Chile,6290,5050,252,231393,191491,4093
2020-06-20,Chile,5355,5118,202,236748,196609,4295
2020-06-21,Chile,5607,3960,184,242355,200569,4479
2020-06-22,Chile,4608,4828,23,246963,205397,4502
2020-06-23,Chile,3804,5173,3,250767,210570,4505
2020-06-24,Chile,3649,4523,226,254416,215093,4731
2020-06-25,Chile,4648,4234,172,259064,219327,4903
2020-06-26,Chile,4296,4104,165,263360,223431,5068
2020-06-27,Chile,4406,4624,279,267766,228055,5347
2020-06-28,Chile,4216,4155,162,271982,232210,5509
2020-06-29,Chile,4017,3944,66,275999,236154,5575
2020-06-30,Chile,3394,5075,113,279393,241229,5688
2020-07-01,Chile,2650,4214,65,282043,245443,5753
2020-07-02,Chile,2498,3804,167,284541,249247,5920
2020-07-03,Chile,3548,4096,131,288089,253343,6051
2020-07-04,Chile,3758,4108,141,291847,257451,6192
2020-07-05,Chile,3685,3588,116,295532,261039,6308
2020-07-06,Chile,3025,3339,76,298557,264378,6384
2020-07-07,Chile,2462,3873,50,301019,268251,6434
2020-07-08,Chile,2064,3490,139,303083,271741,6573
2020-07-09,Chile,3133,3181,109,306216,274922,6682
2020-07-10,Chile,3058,3131,99,309274,278053,6781
2020-07-11,Chile,2755,3061,100,312029,281114,6881
2020-07-12,Chile,3012,2788,98,315041,283902,6979
2020-07-13,Chile,2616,2654,45,317657,286556,7024
2020-07-14,Chile,1836,2664,45,319493,289220,7069
2020-07-15,Chile,1712,2865,117,321205,292085,7186
2020-07-16,Chile,2493,3216,104,323698,295301,7290
2020-07-17,Chile,2741,1513,1057,326439,296814,8347
2020-07-18,Chile,2407,2635,98,328846,299449,8445
2020-07-19,Chile,2084,2345,58,330930,301794,8503
2020-07-20,Chile,2099,2198,130,333029,303992,8633
2020-07-21,Chile,1654,2824,44,334683,306816,8677
2020-07-22,Chile,1719,2425,45,336402,309241,8722
2020-07-23,Chile,2357,2190,116,338759,311431,8838
2020-07-24,Chile,2545,2265,76,341304,313696,8914
2020-07-25,Chile,2288,2473,106,343592,316169,9020
2020-07-26,Chile,2198,1926,92,345790,318095,9112
2020-07-27,Chile,2133,1859,75,347923,319954,9187
2020-07-28,Chile,1877,2378,53,349800,322332,9240
2020-07-29,Chile,1775,2225,38,351575,324557,9278
2020-07-30,Chile,1961,2071,99,353536,326628,9377
2020-07-31,Chile,2131,1699,80,355667,328327,9457
2020-08-01,Chile,1991,2180,76,357658,330507,9533
2020-08-02,Chile,2073,1904,75,359731,332411,9608
2020-08-03,Chile,1762,1565,99,361493,333976,9707
2020-08-04,Chile,1469,2354,38,362962,336330,9745
2020-08-05,Chile,1761,1961,47,364723,338291,9792
2020-08-06,Chile,1948,1877,97,366671,340168,9889
2020-08-07,Chile,2154,2000,69,368825,342168,9958
2020-08-08,Chile,2198,1965,53,371023,344133,10011
2020-08-09,Chile,2033,1693,66,373056,345826,10077
2020-08-10,Chile,1988,1516,62,375044,347342,10139
2020-08-11,Chile,1572,2199,39,376616,349541,10178
2020-08-12,Chile,1552,1878,27,378168,351419,10205
2020-08-13,Chile,1866,1712,94,380034,353131,10299
2020-08-14,Chile,2077,1906,41,382111,355037,10340
2020-08-15,Chile,1791,1914,55,383902,356951,10395
2020-08-16,Chile,2044,1877,57,385946,358828,10452
2020-08-17,Chile,1556,1557,61,387502,360385,10513
2020-08-18,Chile,1353,2055,33,388855,362440,10546
2020-08-19,Chile,1182,1845,32,390037,364285,10578
2020-08-20,Chile,1812,1778,93,391849,366063,10671
2020-08-21,Chile,1920,1834,52,393769,367897,10723
2020-08-22,Chile,1939,1833,69,395708,369730,10792
2020-08-23,Chile,1957,1449,60,397665,371179,10852
2020-08-24,Chile,1903,1285,64,399568,372464,10916
2020-08-25,Chile,1417,1999,42,400985,374463,10958
2020-08-26,Chile,1380,1805,32,402365,376268,10990
2020-08-27,Chile,1737,1654,82,404102,377922,11072
2020-08-28,Chile,1870,1530,60,405972,379452,11132
2020-08-29,Chile,2037,1731,49,408009,381183,11181
2020-08-30,Chile,1965,1401,63,409974,382584,11244
2020-08-31,Chile,1752,1295,45,411726,383879,11289
2020-09-01,Chile,1419,1911,32,413145,385790,11321
2020-09-02,Chile,1594,1893,23,414739,387683,11344
2020-09-03,Chile,1762,1726,78,416501,389409,11422
2020-09-04,Chile,1968,1839,72,418469,391248,11494
2020-09-05,Chile,1965,1719,57,420434,392967,11551
2020-09-06,Chile,2076,1432,41,422510,394399,11592
2020-09-07,Chile,1764,1318,60,424274,395717,11652
2020-09-08,Chile,1267,2013,30,425541,397730,11682
2020-09-09,Chile,1486,1825,20,427027,399555,11702
2020-09-10,Chile,1642,1801,79,428669,401356,11781
2020-09-11,Chile,1866,1708,69,430535,403064,11850
2020-09-12,Chile,2131,1855,45,432666,404919,11895
2020-09-13,Chile,2082,1407,54,434748,406326,11949
2020-09-14,Chile,1685,1399,64,436433,407725,12013
2020-09-15,Chile,1550,2219,27,437983,409944,12040
2020-09-16,Chile,1304,1909,18,439287,411853,12058
2020-09-17,Chile,1863,2075,84,441150,413928,12142
2020-09-18,Chile,1677,2053,57,442827,415981,12199
2020-09-19,Chile,1847,2120,55,444674,418101,12254
2020-09-20,Chile,1600,1645,32,446274,419746,12286
2020-09-21,Chile,1194,1365,12,447468,421111,12298
2020-09-22,Chile,1055,2065,23,448523,423176,12321
2020-09-23,Chile,1380,1989,24,449903,425165,12345
2020-09-24,Chile,1731,1711,124,451634,426876,12469
2020-09-25,Chile,2234,1704,58,453868,428580,12527
2020-09-26,Chile,2111,1679,64,455979,430259,12591
2020-09-27,Chile,1922,1445,50,457901,431704,12641
2020-09-28,Chile,1770,1312,57,459671,433016,12698
2020-09-29,Chile,1629,1778,27,461300,434794,12725
2020-09-30,Chile,1691,1795,16,462991,436589,12741
2020-10-01,Chile,1759,1559,81,464750,438148,12822
2020-10-02,Chile,1840,1459,45,466590,439607,12867
2020-10-03,Chile,1881,1274,52,468471,440881,12919
2020-10-04,Chile,1708,1189,60,470179,442070,12979
2020-10-05,Chile,1567,1383,58,471746,443453,13037
2020-10-06,Chile,1560,1965,33,473306,445418,13070
2020-10-07,Chile,1134,1635,20,474440,447053,13090
2020-10-08,Chile,1576,1657,77,476016,448710,13167
2020-10-09,Chile,1753,1587,53,477769,450297,13220
2020-10-10,Chile,1826,1757,52,479595,452054,13272
2020-10-11,Chile,1776,1298,46,481371,453352,13318
2020-10-12,Chile,1461,1082,58,482832,454434,13376
2020-10-13,Chile,1448,2065,20,484280,456499,13396
2020-10-14,Chile,1092,1574,19,485372,458073,13415
2020-10-15,Chile,1124,1463,19,486496,459536,13434
2020-10-16,Chile,1694,1561,95,488190,461097,13529
2020-10-17,Chile,1813,1615,59,490003,462712,13588
2020-10-18,Chile,1757,1231,47,491760,463943,13635
2020-10-19,Chile,1545,1078,41,493305,465021,13676
2020-10-20,Chile,1173,1622,26,494478,466643,13702
2020-10-21,Chile,1159,626,17,495637,467269,13719
2020-10-22,Chile,1494,2496,73,497131,469765,13792
2020-10-23,Chile,1775,1401,52,498906,471166,13844
2020-10-24,Chile,1636,5410,48,500542,476576,13892
2020-10-25,Chile,1521,1676,52,502063,478252,13944
2020-10-26,Chile,1535,1625,59,503598,479877,14003
2020-10-27,Chile,927,1502,23,504525,481379,14026
2020-10-28,Chile,1005,1527,6,505530,482906,14032
2020-10-29,Chile,1520,1016,86,507050,483922,14118
