Date,Country,Confirmed,Recovered,Deceased,Total_Confirmed,Total_Recovered,Total_Deceased
2020-01-23,Romania,0,0,0,0,0,0
2020-01-24,Romania,0,0,0,0,0,0
2020-01-25,Romania,0,0,0,0,0,0
2020-01-26,Romania,0,0,0,0,0,0
2020-01-27,Romania,0,0,0,0,0,0
2020-01-28,Romania,0,0,0,0,0,0
2020-01-29,Romania,0,0,0,0,0,0
2020-01-30,Romania,0,0,0,0,0,0
2020-01-31,Romania,0,0,0,0,0,0
2020-02-01,Romania,0,0,0,0,0,0
2020-02-02,Romania,0,0,0,0,0,0
2020-02-03,Romania,0,0,0,0,0,0
2020-02-04,Romania,0,0,0,0,0,0
2020-02-05,Romania,0,0,0,0,0,0
2020-02-06,Romania,0,0,0,0,0,0
2020-02-07,Romania,0,0,0,0,0,0
2020-02-08,Romania,0,0,0,0,0,0
2020-02-09,Romania,0,0,0,0,0,0
2020-02-10,Romania,0,0,0,0,0,0
2020-02-11,Romania,0,0,0,0,0,0
2020-02-12,Romania,0,0,0,0,0,0
2020-02-13,Romania,0,0,0,0,0,0
2020-02-14,Romania,0,0,0,0,0,0
2020-02-15,Romania,0,0,0,0,0,0
2020-02-16,Romania,0,0,0,0,0,0
2020-02-17,Romania,0,0,0,0,0,0
2020-02-18,Romania,0,0,0,0,0,0
2020-02-19,Romania,0,0,0,0,0,0
2020-02-20,Romania,0,0,0,0,0,0
2020-02-21,Romania,0,0,0,0,0,0
2020-02-22,Romania,0,0,0,0,0,0
2020-02-23,Romania,0,0,0,0,0,0
2020-02-24,Romania,0,0,0,0,0,0
2020-02-25,Romania,0,0,0,0,0,0
2020-02-26,Romania,1,0,0,1,0,0
2020-02-27,Romania,0,0,0,1,0,0
2020-02-28,Romania,2,0,0,3,0,0
2020-02-29,Romania,0,0,0,3,0,0
2020-03-01,Romania,0,0,0,3,0,0
2020-03-02,Romania,0,0,0,3,0,0
2020-03-03,Romania,0,0,0,3,0,0
2020-03-04,Romania,1,1,0,4,1,0
2020-03-05,Romania,2,0,0,6,1,0
2020-03-06,Romania,3,0,0,9,1,0
2020-03-07,Romania,0,2,0,9,3,0
2020-03-08,Romania,6,0,0,15,3,0
2020-03-09,Romania,0,0,0,15,3,0
2020-03-10,Romania,10,0,0,25,3,0
2020-03-11,Romania,20,3,0,45,6,0
2020-03-12,Romania,4,0,0,49,6,0
2020-03-13,Romania,40,1,0,89,7,0
2020-03-14,Romania,34,2,0,123,9,0
2020-03-15,Romania,8,0,0,131,9,0
2020-03-16,Romania,27,0,0,158,9,0
2020-03-17,Romania,26,7,0,184,16,0
2020-03-18,Romania,76,3,0,260,19,0
2020-03-19,Romania,17,6,0,277,25,0
2020-03-20,Romania,31,0,0,308,25,0
2020-03-21,Romania,59,27,0,367,52,0
2020-03-22,Romania,66,12,3,433,64,3
2020-03-23,Romania,143,0,4,576,64,7
2020-03-24,Romania,218,15,4,794,79,11
2020-03-25,Romania,112,7,6,906,86,17
2020-03-26,Romania,123,8,6,1029,94,23
2020-03-27,Romania,263,21,3,1292,115,26
2020-03-28,Romania,160,24,11,1452,139,37
2020-03-29,Romania,363,67,6,1815,206,43
2020-03-30,Romania,294,3,22,2109,209,65
2020-03-31,Romania,136,11,17,2245,220,82
2020-04-01,Romania,215,32,10,2460,252,92
2020-04-02,Romania,278,15,23,2738,267,115
2020-04-03,Romania,445,16,18,3183,283,133
2020-04-04,Romania,430,46,13,3613,329,146
2020-04-05,Romania,251,45,5,3864,374,151
2020-04-06,Romania,193,32,25,4057,406,176
2020-04-07,Romania,360,54,21,4417,460,197
2020-04-08,Romania,344,68,23,4761,528,220
2020-04-09,Romania,441,119,28,5202,647,248
2020-04-10,Romania,265,82,22,5467,729,270
2020-04-11,Romania,523,29,21,5990,758,291
2020-04-12,Romania,310,94,25,6300,852,316
2020-04-13,Romania,333,62,15,6633,914,331
2020-04-14,Romania,246,137,20,6879,1051,351
2020-04-15,Romania,337,166,21,7216,1217,372
2020-04-16,Romania,491,140,20,7707,1357,392
2020-04-17,Romania,360,151,19,8067,1508,411
2020-04-18,Romania,351,222,10,8418,1730,421
2020-04-19,Romania,328,162,30,8746,1892,451
2020-04-20,Romania,190,125,27,8936,2017,478
2020-04-21,Romania,306,136,20,9242,2153,498
2020-04-22,Romania,468,253,26,9710,2406,524
2020-04-23,Romania,386,72,21,10096,2478,545
2020-04-24,Romania,321,339,22,10417,2817,567
2020-04-25,Romania,218,73,34,10635,2890,601
2020-04-26,Romania,401,164,18,11036,3054,619
2020-04-27,Romania,303,87,22,11339,3141,641
2020-04-28,Romania,277,263,22,11616,3404,663
2020-04-29,Romania,362,165,30,11978,3569,693
2020-04-30,Romania,262,448,24,12240,4017,717
2020-05-01,Romania,327,311,27,12567,4328,744
2020-05-02,Romania,165,219,27,12732,4547,771
2020-05-03,Romania,431,322,19,13163,4869,790
2020-05-04,Romania,349,400,28,13512,5269,818
2020-05-05,Romania,325,185,23,13837,5454,841
2020-05-06,Romania,270,334,23,14107,5788,864
2020-05-07,Romania,392,356,24,14499,6144,888
2020-05-08,Romania,312,279,35,14811,6423,923
2020-05-09,Romania,320,489,16,15131,6912,939
2020-05-10,Romania,231,139,22,15362,7051,961
2020-05-11,Romania,226,194,21,15588,7245,982
2020-05-12,Romania,190,440,20,15778,7685,1002
2020-05-13,Romania,224,276,34,16002,7961,1036
2020-05-14,Romania,245,1092,17,16247,9053,1053
2020-05-15,Romania,190,317,17,16437,9370,1070
2020-05-16,Romania,267,204,24,16704,9574,1094
2020-05-17,Romania,167,316,13,16871,9890,1107
2020-05-18,Romania,165,40,13,17036,9930,1120
2020-05-19,Romania,155,236,17,17191,10166,1137
2020-05-20,Romania,196,190,10,17387,10356,1147
2020-05-21,Romania,198,225,9,17585,10581,1156
2020-05-22,Romania,127,196,10,17712,10777,1166
2020-05-23,Romania,145,410,10,17857,11187,1176
2020-05-24,Romania,213,212,9,18070,11399,1185
2020-05-25,Romania,213,231,20,18283,11630,1205
2020-05-26,Romania,146,244,11,18429,11874,1216
2020-05-27,Romania,165,288,11,18594,12162,1227
2020-05-28,Romania,197,467,8,18791,12629,1235
2020-05-29,Romania,191,200,13,18982,12829,1248
2020-05-30,Romania,151,217,11,19133,13046,1259
2020-05-31,Romania,124,210,7,19257,13256,1266
2020-06-01,Romania,141,170,10,19398,13426,1276
2020-06-02,Romania,119,100,12,19517,13526,1288
2020-06-03,Romania,152,274,8,19669,13800,1296
2020-06-04,Romania,238,119,9,19907,13919,1305
2020-06-05,Romania,196,226,11,20103,14145,1316
2020-06-06,Romania,187,274,6,20290,14419,1322
2020-06-07,Romania,189,219,11,20479,14638,1333
2020-06-08,Romania,125,188,6,20604,14826,1339
2020-06-09,Romania,145,84,15,20749,14910,1354
2020-06-10,Romania,196,193,6,20945,15103,1360
2020-06-11,Romania,237,180,9,21182,15283,1369
2020-06-12,Romania,222,162,11,21404,15445,1380
2020-06-13,Romania,275,190,14,21679,15635,1394
2020-06-14,Romania,320,84,16,21999,15719,1410
2020-06-15,Romania,166,98,17,22165,15817,1427
2020-06-16,Romania,250,254,10,22415,16071,1437
2020-06-17,Romania,345,46,14,22760,16117,1451
2020-06-18,Romania,320,191,22,23080,16308,1473
2020-06-19,Romania,320,247,11,23400,16555,1484
2020-06-20,Romania,330,180,16,23730,16735,1500
2020-06-21,Romania,315,176,12,24045,16911,1512
2020-06-22,Romania,246,120,11,24291,17031,1523
2020-06-23,Romania,214,156,16,24505,17187,1539
2020-06-24,Romania,321,204,16,24826,17391,1555
2020-06-25,Romania,460,515,10,25286,17906,1565
2020-06-26,Romania,411,275,14,25697,18181,1579
2020-06-27,Romania,325,349,10,26022,18530,1589
2020-06-28,Romania,291,284,23,26313,18814,1612
2020-06-29,Romania,269,98,22,26582,18912,1634
2020-06-30,Romania,388,138,17,26970,19050,1651
2020-07-01,Romania,326,264,16,27296,19314,1667
2020-07-02,Romania,450,49,20,27746,19363,1687
2020-07-03,Romania,420,182,21,28166,19545,1708
2020-07-04,Romania,416,309,23,28582,19854,1731
2020-07-05,Romania,391,172,19,28973,20026,1750
2020-07-06,Romania,250,187,18,29223,20213,1768
2020-07-07,Romania,397,321,31,29620,20534,1799
2020-07-08,Romania,555,265,18,30175,20799,1817
2020-07-09,Romania,614,170,17,30789,20969,1834
2020-07-10,Romania,592,160,13,31381,21129,1847
2020-07-11,Romania,698,285,24,32079,21414,1871
2020-07-12,Romania,456,131,13,32535,21545,1884
2020-07-13,Romania,413,147,17,32948,21692,1901
2020-07-14,Romania,637,111,30,33585,21803,1931
2020-07-15,Romania,641,246,21,34226,22049,1952
2020-07-16,Romania,777,140,19,35003,22189,1971
2020-07-17,Romania,799,123,17,35802,22312,1988
2020-07-18,Romania,889,176,21,36691,22488,2009
2020-07-19,Romania,767,129,17,37458,22617,2026
2020-07-20,Romania,681,130,12,38139,22747,2038
2020-07-21,Romania,994,1707,36,39133,24454,2074
2020-07-22,Romania,1030,209,27,40163,24663,2101
2020-07-23,Romania,1112,199,25,41275,24862,2126
2020-07-24,Romania,1119,487,24,42394,25349,2150
2020-07-25,Romania,1284,24,15,43678,25373,2165
2020-07-26,Romania,1120,270,22,44798,25643,2187
2020-07-27,Romania,1104,151,19,45902,25794,2206
2020-07-28,Romania,1151,334,33,47053,26128,2239
2020-07-29,Romania,1182,318,30,48235,26446,2269
2020-07-30,Romania,1356,163,35,49591,26609,2304
2020-07-31,Romania,1295,398,39,50886,27007,2343
2020-08-01,Romania,1225,339,36,52111,27346,2379
2020-08-02,Romania,1075,246,34,53186,27592,2413
2020-08-03,Romania,823,158,19,54009,27750,2432
2020-08-04,Romania,1232,256,48,55241,28006,2480
2020-08-05,Romania,1309,578,41,56550,28584,2521
2020-08-06,Romania,1345,408,45,57895,28992,2566
2020-08-07,Romania,1378,297,50,59273,29289,2616
2020-08-08,Romania,1350,583,43,60623,29872,2659
2020-08-09,Romania,1145,247,41,61768,30119,2700
2020-08-10,Romania,779,192,29,62547,30311,2729
2020-08-11,Romania,1215,274,35,63762,30585,2764
2020-08-12,Romania,1415,463,43,65177,31048,2807
2020-08-13,Romania,1454,499,53,66631,31547,2860
2020-08-14,Romania,1415,373,44,68046,31920,2904
2020-08-15,Romania,1328,414,50,69374,32334,2954
2020-08-16,Romania,1087,253,37,70461,32587,2991
2020-08-17,Romania,733,172,38,71194,32759,3029
2020-08-18,Romania,1014,376,45,72208,33135,3074
2020-08-19,Romania,1409,431,32,73617,33566,3106
2020-08-20,Romania,1346,630,48,74963,34196,3154
2020-08-21,Romania,1392,327,42,76355,34523,3196
2020-08-22,Romania,1189,556,37,77544,35079,3233
2020-08-23,Romania,961,208,39,78505,35287,3272
2020-08-24,Romania,825,230,37,79330,35517,3309
2020-08-25,Romania,1060,299,58,80390,35816,3367
2020-08-26,Romania,1256,470,54,81646,36286,3421
2020-08-27,Romania,1504,391,38,83150,36677,3459
2020-08-28,Romania,1318,379,48,84468,37056,3507
2020-08-29,Romania,1365,332,32,85833,37388,3539
2020-08-30,Romania,952,277,39,86785,37665,3578
2020-08-31,Romania,755,204,43,87540,37869,3621
2020-09-01,Romania,1053,585,60,88593,38454,3681
2020-09-02,Romania,1298,247,40,89891,38701,3721
2020-09-03,Romania,1365,574,44,91256,39275,3765
2020-09-04,Romania,1339,351,47,92595,39626,3812
2020-09-05,Romania,1269,402,38,93864,40028,3850
2020-09-06,Romania,1150,279,43,95014,40307,3893
2020-09-07,Romania,883,147,33,95897,40454,3926
2020-09-08,Romania,1136,384,41,97033,40838,3967
2020-09-09,Romania,1271,164,51,98304,41002,4018
2020-09-10,Romania,1380,8,47,99684,41010,4065
2020-09-11,Romania,1391,0,35,101075,41010,4100
2020-09-12,Romania,1311,1801,27,102386,42811,4127
2020-09-13,Romania,1109,214,36,103495,43025,4163
2020-09-14,Romania,692,219,22,104187,43244,4185
2020-09-15,Romania,1111,0,51,105298,43244,4236
2020-09-16,Romania,1713,0,49,107011,43244,4285
2020-09-17,Romania,1679,0,27,108690,43244,4312
2020-09-18,Romania,1527,44991,48,110217,88235,4360
2020-09-19,Romania,1333,884,42,111550,89119,4402
2020-09-20,Romania,1231,652,33,112781,89771,4435
2020-09-21,Romania,808,878,23,113589,90649,4458
2020-09-22,Romania,1059,1520,45,114648,92169,4503
2020-09-23,Romania,1767,1389,47,116415,93558,4550
2020-09-24,Romania,1639,1319,41,118054,94877,4591
2020-09-25,Romania,1629,1281,42,119683,96158,4633
2020-09-26,Romania,1552,1396,54,121235,97554,4687
2020-09-27,Romania,1438,1053,31,122673,98607,4718
2020-09-28,Romania,1271,737,30,123944,99344,4748
2020-09-29,Romania,1470,1292,44,125414,100636,4792
2020-09-30,Romania,2158,1840,33,127572,102476,4825
2020-10-01,Romania,2086,1518,37,129658,103994,4862
2020-10-02,Romania,2343,1588,53,132001,105582,4915
2020-10-03,Romania,2064,1476,32,134065,107058,4947
2020-10-04,Romania,1835,1077,56,135900,108135,5003
2020-10-05,Romania,1591,391,45,137491,108526,5048
2020-10-06,Romania,2121,1372,73,139612,109898,5121
2020-10-07,Romania,2958,1666,82,142570,111564,5203
2020-10-08,Romania,3130,1548,44,145700,113112,5247
2020-10-09,Romania,3186,1680,52,148886,114792,5299
2020-10-10,Romania,3517,1836,59,152403,116628,5358
2020-10-11,Romania,2880,1314,53,155283,117942,5411
2020-10-12,Romania,2069,970,56,157352,118912,5467
2020-10-13,Romania,3109,1603,68,160461,120515,5535
2020-10-14,Romania,4016,2199,66,164477,122714,5601
2020-10-15,Romania,4013,2295,73,168490,125009,5674
2020-10-16,Romania,4026,2067,75,172516,127076,5749
2020-10-17,Romania,3952,2480,63,176468,129556,5812
2020-10-18,Romania,3920,1338,60,180388,130894,5872
2020-10-19,Romania,2466,1188,59,182854,132082,5931
2020-10-20,Romania,3400,2313,65,186254,134395,5996
2020-10-21,Romania,4848,3440,69,191102,137835,6065
2020-10-22,Romania,4902,3254,98,196004,141089,6163
2020-10-23,Romania,5028,3340,82,201032,144429,6245
2020-10-24,Romania,4761,3503,73,205793,147932,6318
2020-10-25,Romania,3855,1809,73,209648,149741,6391
2020-10-26,Romania,2844,2070,79,212492,151811,6470
2020-10-27,Romania,4724,3819,104,217216,155630,6574
2020-10-28,Romania,5343,4225,107,222559,159855,6681
2020-10-29,Romania,6481,3997,83,229040,163852,6764
