Date,Country,Confirmed,Recovered,Deceased,Total_Confirmed,Total_Recovered,Total_Deceased
2020-01-23,Moldova,0,0,0,0,0,0
2020-01-24,Moldova,0,0,0,0,0,0
2020-01-25,Moldova,0,0,0,0,0,0
2020-01-26,Moldova,0,0,0,0,0,0
2020-01-27,Moldova,0,0,0,0,0,0
2020-01-28,Moldova,0,0,0,0,0,0
2020-01-29,Moldova,0,0,0,0,0,0
2020-01-30,Moldova,0,0,0,0,0,0
2020-01-31,Moldova,0,0,0,0,0,0
2020-02-01,Moldova,0,0,0,0,0,0
2020-02-02,Moldova,0,0,0,0,0,0
2020-02-03,Moldova,0,0,0,0,0,0
2020-02-04,Moldova,0,0,0,0,0,0
2020-02-05,Moldova,0,0,0,0,0,0
2020-02-06,Moldova,0,0,0,0,0,0
2020-02-07,Moldova,0,0,0,0,0,0
2020-02-08,Moldova,0,0,0,0,0,0
2020-02-09,Moldova,0,0,0,0,0,0
2020-02-10,Moldova,0,0,0,0,0,0
2020-02-11,Moldova,0,0,0,0,0,0
2020-02-12,Moldova,0,0,0,0,0,0
2020-02-13,Moldova,0,0,0,0,0,0
2020-02-14,Moldova,0,0,0,0,0,0
2020-02-15,Moldova,0,0,0,0,0,0
2020-02-16,Moldova,0,0,0,0,0,0
2020-02-17,Moldova,0,0,0,0,0,0
2020-02-18,Moldova,0,0,0,0,0,0
2020-02-19,Moldova,0,0,0,0,0,0
2020-02-20,Moldova,0,0,0,0,0,0
2020-02-21,Moldova,0,0,0,0,0,0
2020-02-22,Moldova,0,0,0,0,0,0
2020-02-23,Moldova,0,0,0,0,0,0
2020-02-24,Moldova,0,0,0,0,0,0
2020-02-25,Moldova,0,0,0,0,0,0
2020-02-26,Moldova,0,0,0,0,0,0
2020-02-27,Moldova,0,0,0,0,0,0
2020-02-28,Moldova,0,0,0,0,0,0
2020-02-29,Moldova,0,0,0,0,0,0
2020-03-01,Moldova,0,0,0,0,0,0
2020-03-02,Moldova,0,0,0,0,0,0
2020-03-03,Moldova,0,0,0,0,0,0
2020-03-04,Moldova,0,0,0,0,0,0
2020-03-05,Moldova,0,0,0,0,0,0
2020-03-06,Moldova,0,0,0,0,0,0
2020-03-07,Moldova,0,0,0,0,0,0
2020-03-08,Moldova,1,0,0,1,0,0
2020-03-09,Moldova,0,0,0,1,0,0
2020-03-10,Moldova,2,0,0,3,0,0
2020-03-11,Moldova,0,0,0,3,0,0
2020-03-12,Moldova,0,0,0,3,0,0
2020-03-13,Moldova,3,0,0,6,0,0
2020-03-14,Moldova,6,0,0,12,0,0
2020-03-15,Moldova,11,0,0,23,0,0
2020-03-16,Moldova,0,0,0,23,0,0
2020-03-17,Moldova,7,1,0,30,1,0
2020-03-18,Moldova,0,0,1,30,1,1
2020-03-19,Moldova,19,0,0,49,1,1
2020-03-20,Moldova,17,0,0,66,1,1
2020-03-21,Moldova,14,0,0,80,1,1
2020-03-22,Moldova,14,0,0,94,1,1
2020-03-23,Moldova,15,0,0,109,1,1
2020-03-24,Moldova,16,1,0,125,2,1
2020-03-25,Moldova,24,0,0,149,2,1
2020-03-26,Moldova,28,0,0,177,2,1
2020-03-27,Moldova,22,0,1,199,2,2
2020-03-28,Moldova,32,0,0,231,2,2
2020-03-29,Moldova,32,0,0,263,2,2
2020-03-30,Moldova,35,13,0,298,15,2
2020-03-31,Moldova,55,3,2,353,18,4
2020-04-01,Moldova,70,5,1,423,23,5
2020-04-02,Moldova,82,0,1,505,23,6
2020-04-03,Moldova,86,3,2,591,26,8
2020-04-04,Moldova,161,3,4,752,29,12
2020-04-05,Moldova,112,1,3,864,30,15
2020-04-06,Moldova,101,7,4,965,37,19
2020-04-07,Moldova,91,3,3,1056,40,22
2020-04-08,Moldova,118,0,5,1174,40,27
2020-04-09,Moldova,115,10,2,1289,50,29
2020-04-10,Moldova,149,6,0,1438,56,29
2020-04-11,Moldova,122,19,1,1560,75,30
2020-04-12,Moldova,102,19,1,1662,94,31
2020-04-13,Moldova,50,13,4,1712,107,35
2020-04-14,Moldova,222,27,5,1934,134,40
2020-04-15,Moldova,115,37,6,2049,171,46
2020-04-16,Moldova,105,64,8,2154,235,54
2020-04-17,Moldova,110,41,2,2264,276,56
2020-04-18,Moldova,114,115,1,2378,391,57
2020-04-19,Moldova,94,66,10,2472,457,67
2020-04-20,Moldova,76,0,3,2548,457,70
2020-04-21,Moldova,66,48,2,2614,505,72
2020-04-22,Moldova,164,55,3,2778,560,75
2020-04-23,Moldova,148,101,5,2926,661,80
2020-04-24,Moldova,184,94,4,3110,755,84
2020-04-25,Moldova,194,70,10,3304,825,94
2020-04-26,Moldova,104,70,2,3408,895,96
2020-04-27,Moldova,73,30,6,3481,925,102
2020-04-28,Moldova,157,50,1,3638,975,103
2020-04-29,Moldova,133,139,8,3771,1114,111
2020-04-30,Moldova,126,68,5,3897,1182,116
2020-05-01,Moldova,83,90,6,3980,1272,122
2020-05-02,Moldova,72,62,2,4052,1334,124
2020-05-03,Moldova,69,48,1,4121,1382,125
2020-05-04,Moldova,127,41,7,4248,1423,132
2020-05-05,Moldova,115,121,4,4363,1544,136
2020-05-06,Moldova,113,114,7,4476,1658,143
2020-05-07,Moldova,129,89,2,4605,1747,145
2020-05-08,Moldova,123,79,5,4728,1826,150
2020-05-09,Moldova,139,99,11,4867,1925,161
2020-05-10,Moldova,60,33,8,4927,1958,169
2020-05-11,Moldova,68,22,6,4995,1980,175
2020-05-12,Moldova,159,89,7,5154,2069,182
2020-05-13,Moldova,252,107,3,5406,2176,185
2020-05-14,Moldova,147,52,9,5553,2228,194
2020-05-15,Moldova,192,0,8,5745,2228,202
2020-05-16,Moldova,189,116,5,5934,2344,207
2020-05-17,Moldova,126,0,4,6060,2344,211
2020-05-18,Moldova,78,81,6,6138,2425,217
2020-05-19,Moldova,202,83,4,6340,2508,221
2020-05-20,Moldova,213,445,7,6553,2953,228
2020-05-21,Moldova,151,0,5,6704,2953,233
2020-05-22,Moldova,143,416,4,6847,3369,237
2020-05-23,Moldova,147,83,5,6994,3452,242
2020-05-24,Moldova,99,261,8,7093,3713,250
2020-05-25,Moldova,54,89,11,7147,3802,261
2020-05-26,Moldova,158,82,6,7305,3884,267
2020-05-27,Moldova,232,0,7,7537,3884,274
2020-05-28,Moldova,188,239,8,7725,4123,282
2020-05-29,Moldova,171,155,6,7896,4278,288
2020-05-30,Moldova,202,177,3,8098,4455,291
2020-05-31,Moldova,153,126,4,8251,4581,295
2020-06-01,Moldova,109,41,10,8360,4622,305
2020-06-02,Moldova,188,116,2,8548,4738,307
2020-06-03,Moldova,247,125,3,8795,4863,310
2020-06-04,Moldova,223,146,5,9018,5009,315
2020-06-05,Moldova,229,231,8,9247,5240,323
2020-06-06,Moldova,264,210,8,9511,5450,331
2020-06-07,Moldova,189,188,10,9700,5638,341
2020-06-08,Moldova,107,100,12,9807,5738,353
2020-06-09,Moldova,218,59,12,10025,5797,365
2020-06-10,Moldova,296,133,6,10321,5930,371
2020-06-11,Moldova,406,142,4,10727,6072,375
2020-06-12,Moldova,366,157,10,11093,6229,385
2020-06-13,Moldova,366,192,13,11459,6421,398
2020-06-14,Moldova,281,202,8,11740,6623,406
2020-06-15,Moldova,139,171,5,11879,6794,411
2020-06-16,Moldova,375,107,12,12254,6901,423
2020-06-17,Moldova,478,176,10,12732,7077,433
2020-06-18,Moldova,374,175,11,13106,7252,444
2020-06-19,Moldova,450,273,6,13556,7525,450
2020-06-20,Moldova,397,220,14,13953,7745,464
2020-06-21,Moldova,247,151,9,14200,7896,473
2020-06-22,Moldova,163,123,7,14363,8019,480
2020-06-23,Moldova,351,193,10,14714,8212,490
2020-06-24,Moldova,364,188,5,15078,8400,495
2020-06-25,Moldova,375,199,7,15453,8599,502
2020-06-26,Moldova,323,166,13,15776,8765,515
2020-06-27,Moldova,304,198,6,16080,8963,521
2020-06-28,Moldova,170,118,9,16250,9081,530
2020-06-29,Moldova,107,148,6,16357,9229,536
2020-06-30,Moldova,256,153,9,16613,9382,545
2020-07-01,Moldova,285,212,4,16898,9594,549
2020-07-02,Moldova,252,252,11,17150,9846,560
2020-07-03,Moldova,295,247,12,17445,10093,572
2020-07-04,Moldova,227,303,8,17672,10396,580
2020-07-05,Moldova,142,322,5,17814,10718,585
2020-07-06,Moldova,92,329,7,17906,11047,592
2020-07-07,Moldova,235,194,11,18141,11241,603
2020-07-08,Moldova,330,308,11,18471,11549,614
2020-07-09,Moldova,195,387,10,18666,11936,624
2020-07-10,Moldova,258,252,11,18924,12188,635
2020-07-11,Moldova,284,268,5,19208,12456,640
2020-07-12,Moldova,174,211,2,19382,12667,642
2020-07-13,Moldova,57,126,7,19439,12793,649
2020-07-14,Moldova,269,240,6,19708,13033,655
2020-07-15,Moldova,332,265,4,20040,13298,659
2020-07-16,Moldova,224,342,7,20264,13640,666
2020-07-17,Moldova,230,273,9,20494,13913,675
2020-07-18,Moldova,300,270,5,20794,14183,680
2020-07-19,Moldova,186,193,4,20980,14376,684
2020-07-20,Moldova,135,91,11,21115,14467,695
2020-07-21,Moldova,327,132,12,21442,14599,707
2020-07-22,Moldova,356,257,5,21798,14856,712
2020-07-23,Moldova,307,318,7,22105,15174,719
2020-07-24,Moldova,378,233,7,22483,15407,726
2020-07-25,Moldova,345,201,6,22828,15608,732
2020-07-26,Moldova,206,301,3,23034,15909,735
2020-07-27,Moldova,120,245,13,23154,16154,748
2020-07-28,Moldova,367,308,5,23521,16462,753
2020-07-29,Moldova,426,323,6,23947,16785,759
2020-07-30,Moldova,396,255,12,24343,17040,771
2020-07-31,Moldova,390,229,7,24733,17269,778
2020-08-01,Moldova,380,302,10,25113,17571,788
2020-08-02,Moldova,249,245,3,25362,17816,791
2020-08-03,Moldova,120,126,9,25482,17942,800
2020-08-04,Moldova,332,225,10,25814,18167,810
2020-08-05,Moldova,408,0,13,26222,18167,823
2020-08-06,Moldova,406,509,5,26628,18676,828
2020-08-07,Moldova,362,242,7,26990,18918,835
2020-08-08,Moldova,453,182,6,27443,19100,841
2020-08-09,Moldova,217,200,4,27660,19300,845
2020-08-10,Moldova,181,0,5,27841,19300,850
2020-08-11,Moldova,382,440,7,28223,19740,857
2020-08-12,Moldova,474,258,6,28697,19998,863
2020-08-13,Moldova,390,278,15,29087,20276,878
2020-08-14,Moldova,396,280,6,29483,20556,884
2020-08-15,Moldova,422,352,11,29905,20908,895
2020-08-16,Moldova,278,312,1,30183,21220,896
2020-08-17,Moldova,194,0,12,30377,21220,908
2020-08-18,Moldova,412,665,0,30789,21885,908
2020-08-19,Moldova,626,0,6,31415,21885,914
2020-08-20,Moldova,522,0,7,31937,21885,921
2020-08-21,Moldova,547,798,8,32484,22683,929
2020-08-22,Moldova,588,0,6,33072,22683,935
2020-08-23,Moldova,406,0,5,33478,22683,940
2020-08-24,Moldova,350,887,5,33828,23570,945
2020-08-25,Moldova,530,299,15,34358,23869,960
2020-08-26,Moldova,624,287,7,34982,24156,967
2020-08-27,Moldova,564,0,10,35546,24156,977
2020-08-28,Moldova,358,0,4,35904,24156,981
2020-08-29,Moldova,500,983,9,36404,25139,990
2020-08-30,Moldova,296,0,2,36700,25139,992
2020-08-31,Moldova,220,733,3,36920,25872,995
2020-09-01,Moldova,288,0,13,37208,25872,1008
2020-09-02,Moldova,532,317,16,37740,26189,1024
2020-09-03,Moldova,632,828,12,38372,27017,1036
2020-09-04,Moldova,534,0,11,38906,27017,1047
2020-09-05,Moldova,567,782,16,39473,27799,1063
2020-09-06,Moldova,324,0,0,39797,27799,1063
2020-09-07,Moldova,258,0,11,40055,27799,1074
2020-09-08,Moldova,501,779,13,40556,28578,1087
2020-09-09,Moldova,588,384,9,41144,28962,1096
2020-09-10,Moldova,560,0,10,41704,28962,1106
2020-09-11,Moldova,479,1475,8,42183,30437,1114
2020-09-12,Moldova,531,0,3,42714,30437,1117
2020-09-13,Moldova,264,0,6,42978,30437,1123
2020-09-14,Moldova,229,0,6,43207,30437,1129
2020-09-15,Moldova,527,1856,14,43734,32293,1143
2020-09-16,Moldova,627,439,16,44361,32732,1159
2020-09-17,Moldova,622,507,11,44983,33239,1170
2020-09-18,Moldova,665,495,16,45648,33734,1186
2020-09-19,Moldova,688,502,15,46336,34236,1201
2020-09-20,Moldova,260,0,2,46596,34236,1203
2020-09-21,Moldova,200,782,8,46796,35018,1211
2020-09-22,Moldova,650,524,19,47446,35542,1230
2020-09-23,Moldova,786,529,14,48232,36071,1244
2020-09-24,Moldova,721,572,8,48953,36643,1252
2020-09-25,Moldova,713,380,12,49666,37023,1264
2020-09-26,Moldova,868,417,15,50534,37440,1279
2020-09-27,Moldova,341,402,8,50875,37842,1287
2020-09-28,Moldova,319,375,14,51194,38217,1301
2020-09-29,Moldova,835,362,9,52029,38579,1310
2020-09-30,Moldova,1013,418,10,53042,38997,1320
2020-10-01,Moldova,1022,502,16,54064,39499,1336
2020-10-02,Moldova,952,503,8,55016,40002,1344
2020-10-03,Moldova,872,473,9,55888,40475,1353
2020-10-04,Moldova,691,480,13,56579,40955,1366
2020-10-05,Moldova,322,512,9,56901,41467,1375
2020-10-06,Moldova,831,471,14,57732,41938,1389
2020-10-07,Moldova,1062,542,17,58794,42480,1406
2020-10-08,Moldova,1121,528,18,59915,43008,1424
2020-10-09,Moldova,918,481,18,60833,43489,1442
2020-10-10,Moldova,929,493,16,61762,43982,1458
2020-10-11,Moldova,389,375,3,62151,44357,1461
2020-10-12,Moldova,467,371,17,62618,44728,1478
2020-10-13,Moldova,657,374,17,63275,45102,1495
2020-10-14,Moldova,1149,443,19,64424,45545,1514
2020-10-15,Moldova,652,465,16,65076,46010,1530
2020-10-16,Moldova,784,533,19,65860,46543,1549
2020-10-17,Moldova,792,687,20,66652,47230,1569
2020-10-18,Moldova,398,612,15,67050,47842,1584
2020-10-19,Moldova,252,651,16,67302,48493,1600
2020-10-20,Moldova,656,590,17,67958,49083,1617
2020-10-21,Moldova,833,619,13,68791,49702,1630
2020-10-22,Moldova,777,720,11,69568,50422,1641
2020-10-23,Moldova,688,680,13,70256,51102,1654
2020-10-24,Moldova,833,617,15,71089,51719,1669
2020-10-25,Moldova,414,571,16,71503,52290,1685
2020-10-26,Moldova,308,440,15,71811,52730,1700
2020-10-27,Moldova,649,471,10,72460,53201,1710
2020-10-28,Moldova,861,615,19,73321,53816,1729
2020-10-29,Moldova,912,679,18,74233,54495,1747
