Date,Country,Confirmed,Recovered,Deceased,Total_Confirmed,Total_Recovered,Total_Deceased
2020-01-23,Italy,0,0,0,0,0,0
2020-01-24,Italy,0,0,0,0,0,0
2020-01-25,Italy,0,0,0,0,0,0
2020-01-26,Italy,0,0,0,0,0,0
2020-01-27,Italy,0,0,0,0,0,0
2020-01-28,Italy,0,0,0,0,0,0
2020-01-29,Italy,0,0,0,0,0,0
2020-01-30,Italy,0,0,0,0,0,0
2020-01-31,Italy,2,0,0,2,0,0
2020-02-01,Italy,0,0,0,2,0,0
2020-02-02,Italy,0,0,0,2,0,0
2020-02-03,Italy,0,0,0,2,0,0
2020-02-04,Italy,0,0,0,2,0,0
2020-02-05,Italy,0,0,0,2,0,0
2020-02-06,Italy,0,0,0,2,0,0
2020-02-07,Italy,1,0,0,3,0,0
2020-02-08,Italy,0,0,0,3,0,0
2020-02-09,Italy,0,0,0,3,0,0
2020-02-10,Italy,0,0,0,3,0,0
2020-02-11,Italy,0,0,0,3,0,0
2020-02-12,Italy,0,0,0,3,0,0
2020-02-13,Italy,0,0,0,3,0,0
2020-02-14,Italy,0,0,0,3,0,0
2020-02-15,Italy,0,0,0,3,0,0
2020-02-16,Italy,0,0,0,3,0,0
2020-02-17,Italy,0,0,0,3,0,0
2020-02-18,Italy,0,0,0,3,0,0
2020-02-19,Italy,0,0,0,3,0,0
2020-02-20,Italy,0,0,0,3,0,0
2020-02-21,Italy,17,0,1,20,0,1
2020-02-22,Italy,42,1,1,62,1,2
2020-02-23,Italy,93,1,1,155,2,3
2020-02-24,Italy,74,-1,4,229,1,7
2020-02-25,Italy,93,0,3,322,1,10
2020-02-26,Italy,131,2,2,453,3,12
2020-02-27,Italy,202,42,5,655,45,17
2020-02-28,Italy,233,1,4,888,46,21
2020-02-29,Italy,240,0,8,1128,46,29
2020-03-01,Italy,566,37,5,1694,83,34
2020-03-02,Italy,342,66,18,2036,149,52
2020-03-03,Italy,466,11,27,2502,160,79
2020-03-04,Italy,587,116,28,3089,276,107
2020-03-05,Italy,769,138,41,3858,414,148
2020-03-06,Italy,778,109,49,4636,523,197
2020-03-07,Italy,1247,66,36,5883,589,233
2020-03-08,Italy,1492,33,133,7375,622,366
2020-03-09,Italy,1797,102,97,9172,724,463
2020-03-10,Italy,977,0,168,10149,724,631
2020-03-11,Italy,2313,321,196,12462,1045,827
2020-03-12,Italy,2651,0,189,15113,1045,1016
2020-03-13,Italy,2547,394,250,17660,1439,1266
2020-03-14,Italy,3497,527,175,21157,1966,1441
2020-03-15,Italy,3590,369,368,24747,2335,1809
2020-03-16,Italy,3233,414,349,27980,2749,2158
2020-03-17,Italy,3526,192,345,31506,2941,2503
2020-03-18,Italy,4207,1084,475,35713,4025,2978
2020-03-19,Italy,5322,415,427,41035,4440,3405
2020-03-20,Italy,5986,0,627,47021,4440,4032
2020-03-21,Italy,6557,1632,793,53578,6072,4825
2020-03-22,Italy,5560,952,651,59138,7024,5476
2020-03-23,Italy,4789,0,601,63927,7024,6077
2020-03-24,Italy,5249,1302,743,69176,8326,6820
2020-03-25,Italy,5210,1036,683,74386,9362,7503
2020-03-26,Italy,6203,999,712,80589,10361,8215
2020-03-27,Italy,5909,589,919,86498,10950,9134
2020-03-28,Italy,5974,1434,889,92472,12384,10023
2020-03-29,Italy,5217,646,756,97689,13030,10779
2020-03-30,Italy,4050,1590,812,101739,14620,11591
2020-03-31,Italy,4053,1109,837,105792,15729,12428
2020-04-01,Italy,4782,1118,727,110574,16847,13155
2020-04-02,Italy,4668,1431,760,115242,18278,13915
2020-04-03,Italy,4585,1480,766,119827,19758,14681
2020-04-04,Italy,4805,1238,681,124632,20996,15362
2020-04-05,Italy,4316,819,525,128948,21815,15887
2020-04-06,Italy,3599,1022,636,132547,22837,16523
2020-04-07,Italy,3039,1555,604,135586,24392,17127
2020-04-08,Italy,3836,2099,542,139422,26491,17669
2020-04-09,Italy,4204,1979,610,143626,28470,18279
2020-04-10,Italy,3951,1985,570,147577,30455,18849
2020-04-11,Italy,4694,2079,619,152271,32534,19468
2020-04-12,Italy,4092,1677,431,156363,34211,19899
2020-04-13,Italy,3153,1224,566,159516,35435,20465
2020-04-14,Italy,2972,1695,602,162488,37130,21067
2020-04-15,Italy,2667,962,578,165155,38092,21645
2020-04-16,Italy,3786,2072,525,168941,40164,22170
2020-04-17,Italy,3493,2563,575,172434,42727,22745
2020-04-18,Italy,3491,2200,482,175925,44927,23227
2020-04-19,Italy,3047,2128,433,178972,47055,23660
2020-04-20,Italy,2256,1822,454,181228,48877,24114
2020-04-21,Italy,2729,2723,534,183957,51600,24648
2020-04-22,Italy,3370,2943,437,187327,54543,25085
2020-04-23,Italy,2646,3033,464,189973,57576,25549
2020-04-24,Italy,3021,2922,420,192994,60498,25969
2020-04-25,Italy,2357,2622,415,195351,63120,26384
2020-04-26,Italy,2324,1808,260,197675,64928,26644
2020-04-27,Italy,1739,1696,333,199414,66624,26977
2020-04-28,Italy,2091,2317,382,201505,68941,27359
2020-04-29,Italy,2086,2311,323,203591,71252,27682
2020-04-30,Italy,1872,4693,285,205463,75945,27967
2020-05-01,Italy,1965,2304,269,207428,78249,28236
2020-05-02,Italy,1900,1665,474,209328,79914,28710
2020-05-03,Italy,1389,1740,174,210717,81654,28884
2020-05-04,Italy,1221,1225,195,211938,82879,29079
2020-05-05,Italy,1075,2352,236,213013,85231,29315
2020-05-06,Italy,1444,8014,369,214457,93245,29684
2020-05-07,Italy,1401,3031,274,215858,96276,29958
2020-05-08,Italy,1327,2747,243,217185,99023,30201
2020-05-09,Italy,1083,4008,194,218268,103031,30395
2020-05-10,Italy,802,2155,165,219070,105186,30560
2020-05-11,Italy,744,1401,179,219814,106587,30739
2020-05-12,Italy,1402,2452,172,221216,109039,30911
2020-05-13,Italy,888,3502,195,222104,112541,31106
2020-05-14,Italy,992,2747,262,223096,115288,31368
2020-05-15,Italy,789,4917,242,223885,120205,31610
2020-05-16,Italy,875,2605,153,224760,122810,31763
2020-05-17,Italy,675,2366,145,225435,125176,31908
2020-05-18,Italy,451,2150,99,225886,127326,32007
2020-05-19,Italy,813,2075,162,226699,129401,32169
2020-05-20,Italy,665,2881,161,227364,132282,32330
2020-05-21,Italy,642,2278,156,228006,134560,32486
2020-05-22,Italy,652,2160,130,228658,136720,32616
2020-05-23,Italy,669,2120,119,229327,138840,32735
2020-05-24,Italy,531,1639,50,229858,140479,32785
2020-05-25,Italy,300,1502,92,230158,141981,32877
2020-05-26,Italy,397,2677,78,230555,144658,32955
2020-05-27,Italy,584,2443,117,231139,147101,33072
2020-05-28,Italy,593,3503,70,231732,150604,33142
2020-05-29,Italy,516,2240,87,232248,152844,33229
2020-05-30,Italy,416,2789,111,232664,155633,33340
2020-05-31,Italy,333,1874,75,232997,157507,33415
2020-06-01,Italy,200,848,60,233197,158355,33475
2020-06-02,Italy,318,1737,55,233515,160092,33530
2020-06-03,Italy,321,846,71,233836,160938,33601
2020-06-04,Italy,177,957,88,234013,161895,33689
2020-06-05,Italy,518,1886,85,234531,163781,33774
2020-06-06,Italy,270,1297,72,234801,165078,33846
2020-06-07,Italy,197,759,53,234998,165837,33899
2020-06-08,Italy,280,747,65,235278,166584,33964
2020-06-09,Italy,283,2062,79,235561,168646,34043
2020-06-10,Italy,202,1293,71,235763,169939,34114
2020-06-11,Italy,379,1399,53,236142,171338,34167
2020-06-12,Italy,163,1747,56,236305,173085,34223
2020-06-13,Italy,346,1780,78,236651,174865,34301
2020-06-14,Italy,338,1505,44,236989,176370,34345
2020-06-15,Italy,301,640,26,237290,177010,34371
2020-06-16,Italy,210,1516,34,237500,178526,34405
2020-06-17,Italy,328,929,43,237828,179455,34448
2020-06-18,Italy,331,1089,66,238159,180544,34514
2020-06-19,Italy,-148,1363,47,238011,181907,34561
2020-06-20,Italy,264,546,49,238275,182453,34610
2020-06-21,Italy,224,440,24,238499,182893,34634
2020-06-22,Italy,221,533,23,238720,183426,34657
2020-06-23,Italy,113,1159,18,238833,184585,34675
2020-06-24,Italy,577,1526,-31,239410,186111,34644
2020-06-25,Italy,296,614,34,239706,186725,34678
2020-06-26,Italy,255,890,30,239961,187615,34708
2020-06-27,Italy,175,969,8,240136,188584,34716
2020-06-28,Italy,174,307,22,240310,188891,34738
2020-06-29,Italy,126,305,6,240436,189196,34744
2020-06-30,Italy,142,1052,23,240578,190248,34767
2020-07-01,Italy,182,469,21,240760,190717,34788
2020-07-02,Italy,201,366,30,240961,191083,34818
2020-07-03,Italy,223,384,15,241184,191467,34833
2020-07-04,Italy,235,477,21,241419,191944,34854
2020-07-05,Italy,192,164,7,241611,192108,34861
2020-07-06,Italy,208,133,8,241819,192241,34869
2020-07-07,Italy,137,574,30,241956,192815,34899
2020-07-08,Italy,193,825,15,242149,193640,34914
2020-07-09,Italy,214,338,12,242363,193978,34926
2020-07-10,Italy,276,295,12,242639,194273,34938
2020-07-11,Italy,188,306,7,242827,194579,34945
2020-07-12,Italy,234,349,9,243061,194928,34954
2020-07-13,Italy,169,178,13,243230,195106,34967
2020-07-14,Italy,114,335,17,243344,195441,34984
2020-07-15,Italy,162,575,13,243506,196016,34997
2020-07-16,Italy,230,230,20,243736,196246,35017
2020-07-17,Italy,231,237,11,243967,196483,35028
2020-07-18,Italy,249,323,14,244216,196806,35042
2020-07-19,Italy,218,143,3,244434,196949,35045
2020-07-20,Italy,190,213,13,244624,197162,35058
2020-07-21,Italy,128,269,15,244752,197431,35073
2020-07-22,Italy,280,197,9,245032,197628,35082
2020-07-23,Italy,306,214,10,245338,197842,35092
2020-07-24,Italy,252,350,5,245590,198192,35097
2020-07-25,Italy,274,128,5,245864,198320,35102
2020-07-26,Italy,254,126,5,246118,198446,35107
2020-07-27,Italy,168,147,5,246286,198593,35112
2020-07-28,Italy,202,163,11,246488,198756,35123
2020-07-29,Italy,288,275,6,246776,199031,35129
2020-07-30,Italy,382,765,3,247158,199796,35132
2020-07-31,Italy,379,178,9,247537,199974,35141
2020-08-01,Italy,295,255,5,247832,200229,35146
2020-08-02,Italy,238,231,8,248070,200460,35154
2020-08-03,Italy,159,129,12,248229,200589,35166
2020-08-04,Italy,190,177,5,248419,200766,35171
2020-08-05,Italy,384,210,10,248803,200976,35181
2020-08-06,Italy,401,347,6,249204,201323,35187
2020-08-07,Italy,552,319,3,249756,201642,35190
2020-08-08,Italy,347,305,13,250103,201947,35203
2020-08-09,Italy,463,151,2,250566,202098,35205
2020-08-10,Italy,259,150,4,250825,202248,35209
2020-08-11,Italy,412,213,6,251237,202461,35215
2020-08-12,Italy,476,236,10,251713,202697,35225
2020-08-13,Italy,522,226,6,252235,202923,35231
2020-08-14,Italy,574,403,3,252809,203326,35234
2020-08-15,Italy,629,314,158,253438,203640,35392
2020-08-16,Italy,477,146,4,253915,203786,35396
2020-08-17,Italy,320,182,4,254235,203968,35400
2020-08-18,Italy,401,174,5,254636,204142,35405
2020-08-19,Italy,642,364,7,255278,204506,35412
2020-08-20,Italy,840,180,6,256118,204686,35418
2020-08-21,Italy,947,274,9,257065,204960,35427
2020-08-22,Italy,1071,243,3,258136,205203,35430
2020-08-23,Italy,1209,267,7,259345,205470,35437
2020-08-24,Italy,953,192,4,260298,205662,35441
2020-08-25,Italy,876,353,4,261174,206015,35445
2020-08-26,Italy,1366,314,13,262540,206329,35458
2020-08-27,Italy,1409,225,5,263949,206554,35463
2020-08-28,Italy,1460,348,9,265409,206902,35472
2020-08-29,Italy,1444,1322,1,266853,208224,35473
2020-08-30,Italy,1365,312,4,268218,208536,35477
2020-08-31,Italy,996,-883,6,269214,207653,35483
2020-09-01,Italy,975,291,8,270189,207944,35491
2020-09-02,Italy,1326,257,6,271515,208201,35497
2020-09-03,Italy,1397,289,10,272912,208490,35507
2020-09-04,Italy,1732,537,11,274644,209027,35518
2020-09-05,Italy,1694,583,16,276338,209610,35534
2020-09-06,Italy,1296,405,7,277634,210015,35541
2020-09-07,Italy,1150,223,12,278784,210238,35553
2020-09-08,Italy,1369,563,10,280153,210801,35563
2020-09-09,Italy,1430,471,14,281583,211272,35577
2020-09-10,Italy,1597,613,10,283180,211885,35587
2020-09-11,Italy,1616,547,10,284796,212432,35597
2020-09-12,Italy,1501,759,6,286297,213191,35603
2020-09-13,Italy,1456,443,7,287753,213634,35610
2020-09-14,Italy,1008,316,14,288761,213950,35624
2020-09-15,Italy,1229,695,9,289990,214645,35633
2020-09-16,Italy,1452,620,12,291442,215265,35645
2020-09-17,Italy,1583,689,13,293025,215954,35658
2020-09-18,Italy,1907,853,10,294932,216807,35668
2020-09-19,Italy,1637,909,24,296569,217716,35692
2020-09-20,Italy,1587,635,15,298156,218351,35707
2020-09-21,Italy,1350,352,17,299506,218703,35724
2020-09-22,Italy,1391,967,14,300897,219670,35738
2020-09-23,Italy,1640,995,20,302537,220665,35758
2020-09-24,Italy,1786,1097,23,304323,221762,35781
2020-09-25,Italy,1912,954,20,306235,222716,35801
2020-09-26,Italy,1869,977,17,308104,223693,35818
2020-09-27,Italy,1766,724,17,309870,224417,35835
2020-09-28,Italy,1494,773,16,311364,225190,35851
2020-09-29,Italy,1647,1316,24,313011,226506,35875
2020-09-30,Italy,1850,1198,19,314861,227704,35894
2020-10-01,Italy,2548,1140,24,317409,228844,35918
2020-10-02,Italy,2499,1126,23,319908,229970,35941
2020-10-03,Italy,2843,1247,27,322751,231217,35968
2020-10-04,Italy,2578,697,18,325329,231914,35986
2020-10-05,Italy,2257,767,16,327586,232681,36002
2020-10-06,Italy,2677,1418,28,330263,234099,36030
2020-10-07,Italy,3677,1204,31,333940,235303,36061
2020-10-08,Italy,4458,1060,22,338398,236363,36083
2020-10-09,Italy,5372,1186,28,343770,237549,36111
2020-10-10,Italy,5724,976,29,349494,238525,36140
2020-10-11,Italy,5456,1184,26,354950,239709,36166
2020-10-12,Italy,4619,891,39,359569,240600,36205
2020-10-13,Italy,5898,1428,41,365467,242028,36246
2020-10-14,Italy,7332,2037,43,372799,244065,36289
2020-10-15,Italy,8803,1899,83,381602,245964,36372
2020-10-16,Italy,10009,1908,55,391611,247872,36427
2020-10-17,Italy,10925,1255,47,402536,249127,36474
2020-10-18,Italy,11705,2334,69,414241,251461,36543
2020-10-19,Italy,9337,1498,73,423578,252959,36616
2020-10-20,Italy,10871,2046,89,434449,255005,36705
2020-10-21,Italy,15199,2369,127,449648,257374,36832
2020-10-22,Italy,16078,2082,136,465726,259456,36968
2020-10-23,Italy,19143,2352,91,484869,261808,37059
2020-10-24,Italy,19640,2309,151,504509,264117,37210
2020-10-25,Italy,21273,2086,128,525782,266203,37338
2020-10-26,Italy,17007,2423,141,542789,268626,37479
2020-10-27,Italy,21989,3362,221,564778,271988,37700
2020-10-28,Italy,24988,3416,205,589766,275404,37905
2020-10-29,Italy,26829,3878,217,616595,279282,38122
